   -5.000000   -5.000000    0.708861
   -5.000000   -4.795918    0.601261
   -5.000000   -4.591837    0.484162
   -5.000000   -4.387755    0.360741
   -5.000000   -4.183673    0.234065
   -5.000000   -3.979592    0.107005
   -5.000000   -3.775510   -0.017845
   -5.000000   -3.571429   -0.138223
   -5.000000   -3.367347   -0.252245
   -5.000000   -3.163265   -0.358422
   -5.000000   -2.959184   -0.455673
   -5.000000   -2.755102   -0.543305
   -5.000000   -2.551020   -0.620996
   -5.000000   -2.346939   -0.688754
   -5.000000   -2.142857   -0.746873
   -5.000000   -1.938775   -0.795879
   -5.000000   -1.734694   -0.836474
   -5.000000   -1.530612   -0.869483
   -5.000000   -1.326530   -0.895792
   -5.000000   -1.122449   -0.916301
   -5.000000   -0.918367   -0.931874
   -5.000000   -0.714285   -0.943296
   -5.000000   -0.510204   -0.951237
   -5.000000   -0.306122   -0.956227
   -5.000000   -0.102041   -0.958628
   -5.000000    0.102041   -0.958628
   -5.000000    0.306123   -0.956227
   -5.000000    0.510204   -0.951237
   -5.000000    0.714286   -0.943296
   -5.000000    0.918367   -0.931874
   -5.000000    1.122449   -0.916301
   -5.000000    1.326531   -0.895792
   -5.000000    1.530612   -0.869482
   -5.000000    1.734694   -0.836474
   -5.000000    1.938776   -0.795879
   -5.000000    2.142858   -0.746873
   -5.000000    2.346939   -0.688754
   -5.000000    2.551021   -0.620996
   -5.000000    2.755102   -0.543305
   -5.000000    2.959184   -0.455673
   -5.000000    3.163265   -0.358422
   -5.000000    3.367347   -0.252245
   -5.000000    3.571429   -0.138223
   -5.000000    3.775511   -0.017845
   -5.000000    3.979592    0.107005
   -5.000000    4.183674    0.234065
   -5.000000    4.387755    0.360741
   -5.000000    4.591837    0.484162
   -5.000000    4.795918    0.601261
   -5.000000    5.000000    0.708861

   -4.795918   -5.000000    0.601261
   -4.795918   -4.795918    0.478783
   -4.795918   -4.591837    0.349023
   -4.795918   -4.387755    0.215363
   -4.795918   -4.183673    0.080998
   -4.795918   -3.979592   -0.051150
   -4.795918   -3.775510   -0.178510
   -4.795918   -3.571429   -0.298918
   -4.795918   -3.367347   -0.410647
   -4.795918   -3.163265   -0.512425
   -4.795918   -2.959184   -0.603431
   -4.795918   -2.755102   -0.683272
   -4.795918   -2.551020   -0.751946
   -4.795918   -2.346939   -0.809798
   -4.795918   -2.142857   -0.857460
   -4.795918   -1.938775   -0.895792
   -4.795918   -1.734694   -0.925815
   -4.795918   -1.530612   -0.948650
   -4.795918   -1.326530   -0.965457
   -4.795918   -1.122449   -0.977374
   -4.795918   -0.918367   -0.985472
   -4.795918   -0.714285   -0.990708
   -4.795918   -0.510204   -0.993891
   -4.795918   -0.306122   -0.995652
   -4.795918   -0.102041   -0.996422
   -4.795918    0.102041   -0.996422
   -4.795918    0.306123   -0.995652
   -4.795918    0.510204   -0.993891
   -4.795918    0.714286   -0.990708
   -4.795918    0.918367   -0.985472
   -4.795918    1.122449   -0.977374
   -4.795918    1.326531   -0.965457
   -4.795918    1.530612   -0.948650
   -4.795918    1.734694   -0.925815
   -4.795918    1.938776   -0.895792
   -4.795918    2.142858   -0.857460
   -4.795918    2.346939   -0.809798
   -4.795918    2.551021   -0.751946
   -4.795918    2.755102   -0.683272
   -4.795918    2.959184   -0.603431
   -4.795918    3.163265   -0.512425
   -4.795918    3.367347   -0.410647
   -4.795918    3.571429   -0.298918
   -4.795918    3.775511   -0.178510
   -4.795918    3.979592   -0.051150
   -4.795918    4.183674    0.080998
   -4.795918    4.387755    0.215363
   -4.795918    4.591837    0.349023
   -4.795918    4.795918    0.478783
   -4.795918    5.000000    0.601261

   -4.591837   -5.000000    0.484162
   -4.591837   -4.795918    0.349023
   -4.591837   -4.591837    0.209099
   -4.591837   -4.387755    0.067932
   -4.591837   -4.183673   -0.071194
   -4.591837   -3.979592   -0.205356
   -4.591837   -3.775510   -0.332059
   -4.591837   -3.571429   -0.449284
   -4.591837   -3.367347   -0.555512
   -4.591837   -3.163265   -0.649735
   -4.591837   -2.959184   -0.731437
   -4.591837   -2.755102   -0.800560
   -4.591837   -2.551020   -0.857460
   -4.591837   -2.346939   -0.902843
   -4.591837   -2.142857   -0.937702
   -4.591837   -1.938775   -0.963244
   -4.591837   -1.734694   -0.980817
   -4.591837   -1.530612   -0.991841
   -4.591837   -1.326530   -0.997742
   -4.591837   -1.122449   -0.999893
   -4.591837   -0.918367   -0.999561
   -4.591837   -0.714285   -0.997867
   -4.591837   -0.510204   -0.995744
   -4.591837   -0.306122   -0.993917
   -4.591837   -0.102041   -0.992878
   -4.591837    0.102041   -0.992878
   -4.591837    0.306123   -0.993917
   -4.591837    0.510204   -0.995744
   -4.591837    0.714286   -0.997867
   -4.591837    0.918367   -0.999561
   -4.591837    1.122449   -0.999893
   -4.591837    1.326531   -0.997742
   -4.591837    1.530612   -0.991841
   -4.591837    1.734694   -0.980817
   -4.591837    1.938776   -0.963244
   -4.591837    2.142858   -0.937702
   -4.591837    2.346939   -0.902843
   -4.591837    2.551021   -0.857460
   -4.591837    2.755102   -0.800560
   -4.591837    2.959184   -0.731437
   -4.591837    3.163265   -0.649735
   -4.591837    3.367347   -0.555512
   -4.591837    3.571429   -0.449284
   -4.591837    3.775511   -0.332059
   -4.591837    3.979592   -0.205356
   -4.591837    4.183674   -0.071193
   -4.591837    4.387755    0.067932
   -4.591837    4.591837    0.209099
   -4.591837    4.795918    0.349023
   -4.591837    5.000000    0.484162

   -4.387755   -5.000000    0.360741
   -4.387755   -4.795918    0.215363
   -4.387755   -4.591837    0.067932
   -4.387755   -4.387755   -0.077884
   -4.387755   -4.183673   -0.218769
   -4.387755   -3.979592   -0.351846
   -4.387755   -3.775510   -0.474744
   -4.387755   -3.571429   -0.585639
   -4.387755   -3.367347   -0.683272
   -4.387755   -3.163265   -0.766940
   -4.387755   -2.959184   -0.836474
   -4.387755   -2.755102   -0.892187
   -4.387755   -2.551020   -0.934817
   -4.387755   -2.346939   -0.965457
   -4.387755   -2.142857   -0.985472
   -4.387755   -1.938775   -0.996422
   -4.387755   -1.734694   -0.999983
   -4.387755   -1.530612   -0.997867
   -4.387755   -1.326530   -0.991756
   -4.387755   -1.122449   -0.983240
   -4.387755   -0.918367   -0.973768
   -4.387755   -0.714285   -0.964600
   -4.387755   -0.510204   -0.956782
   -4.387755   -0.306122   -0.951116
   -4.387755   -0.102041   -0.948145
   -4.387755    0.102041   -0.948145
   -4.387755    0.306123   -0.951116
   -4.387755    0.510204   -0.956782
   -4.387755    0.714286   -0.964600
   -4.387755    0.918367   -0.973768
   -4.387755    1.122449   -0.983240
   -4.387755    1.326531   -0.991756
   -4.387755    1.530612   -0.997867
   -4.387755    1.734694   -0.999983
   -4.387755    1.938776   -0.996422
   -4.387755    2.142858   -0.985472
   -4.387755    2.346939   -0.965457
   -4.387755    2.551021   -0.934817
   -4.387755    2.755102   -0.892187
   -4.387755    2.959184   -0.836474
   -4.387755    3.163265   -0.766940
   -4.387755    3.367347   -0.683272
   -4.387755    3.571429   -0.585639
   -4.387755    3.775511   -0.474744
   -4.387755    3.979592   -0.351846
   -4.387755    4.183674   -0.218769
   -4.387755    4.387755   -0.077883
   -4.387755    4.591837    0.067932
   -4.387755    4.795918    0.215363
   -4.387755    5.000000    0.360741

   -4.183673   -5.000000    0.234065
   -4.183673   -4.795918    0.080998
   -4.183673   -4.591837   -0.071194
   -4.183673   -4.387755   -0.218769
   -4.183673   -4.183673   -0.358423
   -4.183673   -3.979592   -0.487376
   -4.183673   -3.775510   -0.603431
   -4.183673   -3.571429   -0.705010
   -4.183673   -3.367347   -0.791156
   -4.183673   -3.163265   -0.861516
   -4.183673   -2.959184   -0.916301
   -4.183673   -2.755102   -0.956227
   -4.183673   -2.551020   -0.982437
   -4.183673   -2.346939   -0.996422
   -4.183673   -2.142857   -0.999930
   -4.183673   -1.938775   -0.994872
   -4.183673   -1.734694   -0.983240
   -4.183673   -1.530612   -0.967026
   -4.183673   -1.326530   -0.948145
   -4.183673   -1.122449   -0.928383
   -4.183673   -0.918367   -0.909338
   -4.183673   -0.714285   -0.892392
   -4.183673   -0.510204   -0.878673
   -4.183673   -0.306122   -0.869043
   -4.183673   -0.102041   -0.864083
   -4.183673    0.102041   -0.864083
   -4.183673    0.306123   -0.869043
   -4.183673    0.510204   -0.878673
   -4.183673    0.714286   -0.892392
   -4.183673    0.918367   -0.909338
   -4.183673    1.122449   -0.928383
   -4.183673    1.326531   -0.948145
   -4.183673    1.530612   -0.967026
   -4.183673    1.734694   -0.983240
   -4.183673    1.938776   -0.994872
   -4.183673    2.142858   -0.999930
   -4.183673    2.346939   -0.996422
   -4.183673    2.551021   -0.982437
   -4.183673    2.755102   -0.956227
   -4.183673    2.959184   -0.916301
   -4.183673    3.163265   -0.861516
   -4.183673    3.367347   -0.791156
   -4.183673    3.571429   -0.705010
   -4.183673    3.775511   -0.603431
   -4.183673    3.979592   -0.487375
   -4.183673    4.183674   -0.358422
   -4.183673    4.387755   -0.218769
   -4.183673    4.591837   -0.071194
   -4.183673    4.795918    0.080998
   -4.183673    5.000000    0.234065

   -3.979592   -5.000000    0.107005
   -3.979592   -4.795918   -0.051150
   -3.979592   -4.591837   -0.205356
   -3.979592   -4.387755   -0.351846
   -3.979592   -4.183673   -0.487376
   -3.979592   -3.979592   -0.609312
   -3.979592   -3.775510   -0.715683
   -3.979592   -3.571429   -0.805200
   -3.979592   -3.367347   -0.877252
   -3.979592   -3.163265   -0.931874
   -3.979592   -2.959184   -0.969690
   -3.979592   -2.755102   -0.991841
   -3.979592   -2.551020   -0.999893
   -3.979592   -2.346939   -0.995744
   -3.979592   -2.142857   -0.981520
   -3.979592   -1.938775   -0.959478
   -3.979592   -1.734694   -0.931909
   -3.979592   -1.530612   -0.901057
   -3.979592   -1.326530   -0.869043
   -3.979592   -1.122449   -0.837813
   -3.979592   -0.918367   -0.809083
   -3.979592   -0.714285   -0.784316
   -3.979592   -0.510204   -0.764697
   -3.979592   -0.306122   -0.751119
   -3.979592   -0.102041   -0.744181
   -3.979592    0.102041   -0.744181
   -3.979592    0.306123   -0.751119
   -3.979592    0.510204   -0.764697
   -3.979592    0.714286   -0.784316
   -3.979592    0.918367   -0.809083
   -3.979592    1.122449   -0.837813
   -3.979592    1.326531   -0.869043
   -3.979592    1.530612   -0.901057
   -3.979592    1.734694   -0.931909
   -3.979592    1.938776   -0.959478
   -3.979592    2.142858   -0.981520
   -3.979592    2.346939   -0.995744
   -3.979592    2.551021   -0.999893
   -3.979592    2.755102   -0.991841
   -3.979592    2.959184   -0.969690
   -3.979592    3.163265   -0.931874
   -3.979592    3.367347   -0.877252
   -3.979592    3.571429   -0.805200
   -3.979592    3.775511   -0.715683
   -3.979592    3.979592   -0.609312
   -3.979592    4.183674   -0.487375
   -3.979592    4.387755   -0.351846
   -3.979592    4.591837   -0.205356
   -3.979592    4.795918   -0.051150
   -3.979592    5.000000    0.107005

   -3.775510   -5.000000   -0.017845
   -3.775510   -4.795918   -0.178510
   -3.775510   -4.591837   -0.332059
   -3.775510   -4.387755   -0.474744
   -3.775510   -4.183673   -0.603431
   -3.775510   -3.979592   -0.715683
   -3.775510   -3.775510   -0.809798
   -3.775510   -3.571429   -0.884822
   -3.775510   -3.367347   -0.940529
   -3.775510   -3.163265   -0.977374
   -3.775510   -2.959184   -0.996422
   -3.775510   -2.755102   -0.999258
   -3.775510   -2.551020   -0.987882
   -3.775510   -2.346939   -0.964600
   -3.775510   -2.142857   -0.931909
   -3.775510   -1.938775   -0.892392
   -3.775510   -1.734694   -0.848615
   -3.775510   -1.530612   -0.803041
   -3.775510   -1.326530   -0.757958
   -3.775510   -1.122449   -0.715428
   -3.775510   -0.918367   -0.677241
   -3.775510   -0.714285   -0.644899
   -3.775510   -0.510204   -0.619601
   -3.775510   -0.306122   -0.602243
   -3.775510   -0.102041   -0.593416
   -3.775510    0.102041   -0.593416
   -3.775510    0.306123   -0.602243
   -3.775510    0.510204   -0.619601
   -3.775510    0.714286   -0.644899
   -3.775510    0.918367   -0.677241
   -3.775510    1.122449   -0.715428
   -3.775510    1.326531   -0.757958
   -3.775510    1.530612   -0.803041
   -3.775510    1.734694   -0.848615
   -3.775510    1.938776   -0.892392
   -3.775510    2.142858   -0.931909
   -3.775510    2.346939   -0.964600
   -3.775510    2.551021   -0.987882
   -3.775510    2.755102   -0.999258
   -3.775510    2.959184   -0.996422
   -3.775510    3.163265   -0.977374
   -3.775510    3.367347   -0.940529
   -3.775510    3.571429   -0.884821
   -3.775510    3.775511   -0.809798
   -3.775510    3.979592   -0.715683
   -3.775510    4.183674   -0.603431
   -3.775510    4.387755   -0.474744
   -3.775510    4.591837   -0.332059
   -3.775510    4.795918   -0.178510
   -3.775510    5.000000   -0.017845

   -3.571429   -5.000000   -0.138223
   -3.571429   -4.795918   -0.298918
   -3.571429   -4.591837   -0.449284
   -3.571429   -4.387755   -0.585639
   -3.571429   -4.183673   -0.705010
   -3.571429   -3.979592   -0.805200
   -3.571429   -3.775510   -0.884822
   -3.571429   -3.571429   -0.943296
   -3.571429   -3.367347   -0.980817
   -3.571429   -3.163265   -0.998290
   -3.571429   -2.959184   -0.997241
   -3.571429   -2.755102   -0.979714
   -3.571429   -2.551020   -0.948145
   -3.571429   -2.346939   -0.905245
   -3.571429   -2.142857   -0.853868
   -3.571429   -1.938775   -0.796899
   -3.571429   -1.734694   -0.737142
   -3.571429   -1.530612   -0.677241
   -3.571429   -1.326530   -0.619601
   -3.571429   -1.122449   -0.566348
   -3.571429   -0.918367   -0.519292
   -3.571429   -0.714285   -0.479920
   -3.571429   -0.510204   -0.449401
   -3.571429   -0.306122   -0.428590
   -3.571429   -0.102041   -0.418046
   -3.571429    0.102041   -0.418046
   -3.571429    0.306123   -0.428590
   -3.571429    0.510204   -0.449401
   -3.571429    0.714286   -0.479921
   -3.571429    0.918367   -0.519292
   -3.571429    1.122449   -0.566348
   -3.571429    1.326531   -0.619601
   -3.571429    1.530612   -0.677241
   -3.571429    1.734694   -0.737142
   -3.571429    1.938776   -0.796899
   -3.571429    2.142858   -0.853869
   -3.571429    2.346939   -0.905245
   -3.571429    2.551021   -0.948145
   -3.571429    2.755102   -0.979714
   -3.571429    2.959184   -0.997241
   -3.571429    3.163265   -0.998290
   -3.571429    3.367347   -0.980817
   -3.571429    3.571429   -0.943296
   -3.571429    3.775511   -0.884822
   -3.571429    3.979592   -0.805200
   -3.571429    4.183674   -0.705010
   -3.571429    4.387755   -0.585639
   -3.571429    4.591837   -0.449284
   -3.571429    4.795918   -0.298918
   -3.571429    5.000000   -0.138223

   -3.367347   -5.000000   -0.252245
   -3.367347   -4.795918   -0.410647
   -3.367347   -4.591837   -0.555512
   -3.367347   -4.387755   -0.683272
   -3.367347   -4.183673   -0.791156
   -3.367347   -3.979592   -0.877252
   -3.367347   -3.775510   -0.940529
   -3.367347   -3.571429   -0.980817
   -3.367347   -3.367347   -0.998762
   -3.367347   -3.163265   -0.995744
   -3.367347   -2.959184   -0.973768
   -3.367347   -2.755102   -0.935342
   -3.367347   -2.551020   -0.883343
   -3.367347   -2.346939   -0.820871
   -3.367347   -2.142857   -0.751119
   -3.367347   -1.938775   -0.677240
   -3.367347   -1.734694   -0.602243
   -3.367347   -1.530612   -0.528896
   -3.367347   -1.326530   -0.459668
   -3.367347   -1.122449   -0.396685
   -3.367347   -0.918367   -0.341714
   -3.367347   -0.714285   -0.296168
   -3.367347   -0.510204   -0.261124
   -3.367347   -0.306122   -0.237353
   -3.367347   -0.102041   -0.225348
   -3.367347    0.102041   -0.225348
   -3.367347    0.306123   -0.237353
   -3.367347    0.510204   -0.261124
   -3.367347    0.714286   -0.296168
   -3.367347    0.918367   -0.341714
   -3.367347    1.122449   -0.396685
   -3.367347    1.326531   -0.459668
   -3.367347    1.530612   -0.528896
   -3.367347    1.734694   -0.602243
   -3.367347    1.938776   -0.677241
   -3.367347    2.142858   -0.751119
   -3.367347    2.346939   -0.820871
   -3.367347    2.551021   -0.883343
   -3.367347    2.755102   -0.935342
   -3.367347    2.959184   -0.973768
   -3.367347    3.163265   -0.995744
   -3.367347    3.367347   -0.998762
   -3.367347    3.571429   -0.980817
   -3.367347    3.775511   -0.940529
   -3.367347    3.979592   -0.877252
   -3.367347    4.183674   -0.791156
   -3.367347    4.387755   -0.683272
   -3.367347    4.591837   -0.555512
   -3.367347    4.795918   -0.410647
   -3.367347    5.000000   -0.252245

   -3.163265   -5.000000   -0.358422
   -3.163265   -4.795918   -0.512425
   -3.163265   -4.591837   -0.649735
   -3.163265   -4.387755   -0.766940
   -3.163265   -4.183673   -0.861516
   -3.163265   -3.979592   -0.931874
   -3.163265   -3.775510   -0.977374
   -3.163265   -3.571429   -0.998290
   -3.163265   -3.367347   -0.995744
   -3.163265   -3.163265   -0.971609
   -3.163265   -2.959184   -0.928383
   -3.163265   -2.755102   -0.869043
   -3.163265   -2.551020   -0.796899
   -3.163265   -2.346939   -0.715427
   -3.163265   -2.142857   -0.628133
   -3.163265   -1.938775   -0.538404
   -3.163265   -1.734694   -0.449401
   -3.163265   -1.530612   -0.363968
   -3.163265   -1.326530   -0.284570
   -3.163265   -1.122449   -0.213264
   -3.163265   -0.918367   -0.151699
   -3.163265   -0.714285   -0.101142
   -3.163265   -0.510204   -0.062513
   -3.163265   -0.306122   -0.036442
   -3.163265   -0.102041   -0.023316
   -3.163265    0.102041   -0.023316
   -3.163265    0.306123   -0.036442
   -3.163265    0.510204   -0.062513
   -3.163265    0.714286   -0.101142
   -3.163265    0.918367   -0.151699
   -3.163265    1.122449   -0.213264
   -3.163265    1.326531   -0.284570
   -3.163265    1.530612   -0.363968
   -3.163265    1.734694   -0.449401
   -3.163265    1.938776   -0.538404
   -3.163265    2.142858   -0.628133
   -3.163265    2.346939   -0.715428
   -3.163265    2.551021   -0.796899
   -3.163265    2.755102   -0.869043
   -3.163265    2.959184   -0.928383
   -3.163265    3.163265   -0.971609
   -3.163265    3.367347   -0.995744
   -3.163265    3.571429   -0.998290
   -3.163265    3.775511   -0.977374
   -3.163265    3.979592   -0.931874
   -3.163265    4.183674   -0.861516
   -3.163265    4.387755   -0.766940
   -3.163265    4.591837   -0.649735
   -3.163265    4.795918   -0.512425
   -3.163265    5.000000   -0.358422

   -2.959184   -5.000000   -0.455673
   -2.959184   -4.795918   -0.603431
   -2.959184   -4.591837   -0.731437
   -2.959184   -4.387755   -0.836474
   -2.959184   -4.183673   -0.916301
   -2.959184   -3.979592   -0.969690
   -2.959184   -3.775510   -0.996422
   -2.959184   -3.571429   -0.997241
   -2.959184   -3.367347   -0.973768
   -2.959184   -3.163265   -0.928383
   -2.959184   -2.959184   -0.864083
   -2.959184   -2.755102   -0.784316
   -2.959184   -2.551020   -0.692815
   -2.959184   -2.346939   -0.593416
   -2.959184   -2.142857   -0.489906
   -2.959184   -1.938775   -0.385869
   -2.959184   -1.734694   -0.284570
   -2.959184   -1.530612   -0.188864
   -2.959184   -1.326530   -0.101142
   -2.959184   -1.122449   -0.023316
   -2.959184   -0.918367    0.043166
   -2.959184   -0.714285    0.097268
   -2.959184   -0.510204    0.138303
   -2.959184   -0.306122    0.165847
   -2.959184   -0.102041    0.179669
   -2.959184    0.102041    0.179669
   -2.959184    0.306123    0.165847
   -2.959184    0.510204    0.138303
   -2.959184    0.714286    0.097268
   -2.959184    0.918367    0.043166
   -2.959184    1.122449   -0.023316
   -2.959184    1.326531   -0.101142
   -2.959184    1.530612   -0.188864
   -2.959184    1.734694   -0.284570
   -2.959184    1.938776   -0.385869
   -2.959184    2.142858   -0.489906
   -2.959184    2.346939   -0.593416
   -2.959184    2.551021   -0.692815
   -2.959184    2.755102   -0.784317
   -2.959184    2.959184   -0.864083
   -2.959184    3.163265   -0.928383
   -2.959184    3.367347   -0.973768
   -2.959184    3.571429   -0.997241
   -2.959184    3.775511   -0.996422
   -2.959184    3.979592   -0.969690
   -2.959184    4.183674   -0.916301
   -2.959184    4.387755   -0.836474
   -2.959184    4.591837   -0.731437
   -2.959184    4.795918   -0.603431
   -2.959184    5.000000   -0.455673

   -2.755102   -5.000000   -0.543305
   -2.755102   -4.795918   -0.683272
   -2.755102   -4.591837   -0.800560
   -2.755102   -4.387755   -0.892187
   -2.755102   -4.183673   -0.956227
   -2.755102   -3.979592   -0.991841
   -2.755102   -3.775510   -0.999258
   -2.755102   -3.571429   -0.979714
   -2.755102   -3.367347   -0.935342
   -2.755102   -3.163265   -0.869043
   -2.755102   -2.959184   -0.784316
   -2.755102   -2.755102   -0.685077
   -2.755102   -2.551020   -0.575468
   -2.755102   -2.346939   -0.459668
   -2.755102   -2.142857   -0.341714
   -2.755102   -1.938775   -0.225348
   -2.755102   -1.734694   -0.113885
   -2.755102   -1.530612   -0.010131
   -2.755102   -1.326530    0.083674
   -2.755102   -1.122449    0.165847
   -2.755102   -0.918367    0.235235
   -2.755102   -0.714285    0.291126
   -2.755102   -0.510204    0.333155
   -2.755102   -0.306122    0.361183
   -2.755102   -0.102041    0.375190
   -2.755102    0.102041    0.375190
   -2.755102    0.306123    0.361183
   -2.755102    0.510204    0.333155
   -2.755102    0.714286    0.291126
   -2.755102    0.918367    0.235235
   -2.755102    1.122449    0.165847
   -2.755102    1.326531    0.083673
   -2.755102    1.530612   -0.010131
   -2.755102    1.734694   -0.113886
   -2.755102    1.938776   -0.225348
   -2.755102    2.142858   -0.341714
   -2.755102    2.346939   -0.459668
   -2.755102    2.551021   -0.575468
   -2.755102    2.755102   -0.685077
   -2.755102    2.959184   -0.784317
   -2.755102    3.163265   -0.869043
   -2.755102    3.367347   -0.935342
   -2.755102    3.571429   -0.979714
   -2.755102    3.775511   -0.999258
   -2.755102    3.979592   -0.991841
   -2.755102    4.183674   -0.956227
   -2.755102    4.387755   -0.892187
   -2.755102    4.591837   -0.800560
   -2.755102    4.795918   -0.683272
   -2.755102    5.000000   -0.543305

   -2.551020   -5.000000   -0.620996
   -2.551020   -4.795918   -0.751946
   -2.551020   -4.591837   -0.857460
   -2.551020   -4.387755   -0.934817
   -2.551020   -4.183673   -0.982437
   -2.551020   -3.979592   -0.999893
   -2.551020   -3.775510   -0.987882
   -2.551020   -3.571429   -0.948145
   -2.551020   -3.367347   -0.883343
   -2.551020   -3.163265   -0.796899
   -2.551020   -2.959184   -0.692815
   -2.551020   -2.755102   -0.575468
   -2.551020   -2.551020   -0.449401
   -2.551020   -2.346939   -0.319112
   -2.551020   -2.142857   -0.188864
   -2.551020   -1.938775   -0.062513
   -2.551020   -1.734694    0.056620
   -2.551020   -1.530612    0.165847
   -2.551020   -1.326530    0.263150
   -2.551020   -1.122449    0.347170
   -2.551020   -0.918367    0.417144
   -2.551020   -0.714285    0.472794
   -2.551020   -0.510204    0.514181
   -2.551020   -0.306122    0.541542
   -2.551020   -0.102041    0.555141
   -2.551020    0.102041    0.555141
   -2.551020    0.306123    0.541542
   -2.551020    0.510204    0.514181
   -2.551020    0.714286    0.472794
   -2.551020    0.918367    0.417144
   -2.551020    1.122449    0.347170
   -2.551020    1.326531    0.263150
   -2.551020    1.530612    0.165847
   -2.551020    1.734694    0.056620
   -2.551020    1.938776   -0.062513
   -2.551020    2.142858   -0.188864
   -2.551020    2.346939   -0.319112
   -2.551020    2.551021   -0.449401
   -2.551020    2.755102   -0.575468
   -2.551020    2.959184   -0.692815
   -2.551020    3.163265   -0.796899
   -2.551020    3.367347   -0.883343
   -2.551020    3.571429   -0.948145
   -2.551020    3.775511   -0.987882
   -2.551020    3.979592   -0.999893
   -2.551020    4.183674   -0.982437
   -2.551020    4.387755   -0.934817
   -2.551020    4.591837   -0.857460
   -2.551020    4.795918   -0.751946
   -2.551020    5.000000   -0.620996

   -2.346939   -5.000000   -0.688754
   -2.346939   -4.795918   -0.809798
   -2.346939   -4.591837   -0.902843
   -2.346939   -4.387755   -0.965457
   -2.346939   -4.183673   -0.996422
   -2.346939   -3.979592   -0.995744
   -2.346939   -3.775510   -0.964600
   -2.346939   -3.571429   -0.905245
   -2.346939   -3.367347   -0.820871
   -2.346939   -3.163265   -0.715427
   -2.346939   -2.959184   -0.593416
   -2.346939   -2.755102   -0.459668
   -2.346939   -2.551020   -0.319112
   -2.346939   -2.346939   -0.176550
   -2.346939   -2.142857   -0.036442
   -2.346939   -1.938775    0.097269
   -2.346939   -1.734694    0.221307
   -2.346939   -1.530612    0.333155
   -2.346939   -1.326530    0.431095
   -2.346939   -1.122449    0.514181
   -2.346939   -0.918367    0.582150
   -2.346939   -0.714285    0.635275
   -2.346939   -0.510204    0.674168
   -2.346939   -0.306122    0.699554
   -2.346939   -0.102041    0.712066
   -2.346939    0.102041    0.712066
   -2.346939    0.306123    0.699554
   -2.346939    0.510204    0.674168
   -2.346939    0.714286    0.635275
   -2.346939    0.918367    0.582150
   -2.346939    1.122449    0.514180
   -2.346939    1.326531    0.431095
   -2.346939    1.530612    0.333155
   -2.346939    1.734694    0.221306
   -2.346939    1.938776    0.097268
   -2.346939    2.142858   -0.036443
   -2.346939    2.346939   -0.176550
   -2.346939    2.551021   -0.319112
   -2.346939    2.755102   -0.459668
   -2.346939    2.959184   -0.593416
   -2.346939    3.163265   -0.715427
   -2.346939    3.367347   -0.820871
   -2.346939    3.571429   -0.905245
   -2.346939    3.775511   -0.964600
   -2.346939    3.979592   -0.995744
   -2.346939    4.183674   -0.996422
   -2.346939    4.387755   -0.965457
   -2.346939    4.591837   -0.902843
   -2.346939    4.795918   -0.809798
   -2.346939    5.000000   -0.688754

   -2.142857   -5.000000   -0.746873
   -2.142857   -4.795918   -0.857460
   -2.142857   -4.591837   -0.937702
   -2.142857   -4.387755   -0.985472
   -2.142857   -4.183673   -0.999930
   -2.142857   -3.979592   -0.981520
   -2.142857   -3.775510   -0.931909
   -2.142857   -3.571429   -0.853868
   -2.142857   -3.367347   -0.751119
   -2.142857   -3.163265   -0.628133
   -2.142857   -2.959184   -0.489906
   -2.142857   -2.755102   -0.341714
   -2.142857   -2.551020   -0.188864
   -2.142857   -2.346939   -0.036442
   -2.142857   -2.142857    0.110907
   -2.142857   -1.938775    0.249184
   -2.142857   -1.734694    0.375190
   -2.142857   -1.530612    0.486630
   -2.142857   -1.326530    0.582150
   -2.142857   -1.122449    0.661306
   -2.142857   -0.918367    0.724448
   -2.142857   -0.714285    0.772534
   -2.142857   -0.510204    0.806870
   -2.142857   -0.306122    0.828811
   -2.142857   -0.102041    0.839470
   -2.142857    0.102041    0.839470
   -2.142857    0.306123    0.828811
   -2.142857    0.510204    0.806870
   -2.142857    0.714286    0.772534
   -2.142857    0.918367    0.724448
   -2.142857    1.122449    0.661306
   -2.142857    1.326531    0.582150
   -2.142857    1.530612    0.486630
   -2.142857    1.734694    0.375190
   -2.142857    1.938776    0.249184
   -2.142857    2.142858    0.110906
   -2.142857    2.346939   -0.036443
   -2.142857    2.551021   -0.188864
   -2.142857    2.755102   -0.341714
   -2.142857    2.959184   -0.489906
   -2.142857    3.163265   -0.628133
   -2.142857    3.367347   -0.751119
   -2.142857    3.571429   -0.853869
   -2.142857    3.775511   -0.931909
   -2.142857    3.979592   -0.981520
   -2.142857    4.183674   -0.999930
   -2.142857    4.387755   -0.985472
   -2.142857    4.591837   -0.937702
   -2.142857    4.795918   -0.857460
   -2.142857    5.000000   -0.746873

   -1.938775   -5.000000   -0.795879
   -1.938775   -4.795918   -0.895792
   -1.938775   -4.591837   -0.963244
   -1.938775   -4.387755   -0.996422
   -1.938775   -4.183673   -0.994872
   -1.938775   -3.979592   -0.959478
   -1.938775   -3.775510   -0.892392
   -1.938775   -3.571429   -0.796899
   -1.938775   -3.367347   -0.677240
   -1.938775   -3.163265   -0.538404
   -1.938775   -2.959184   -0.385869
   -1.938775   -2.755102   -0.225348
   -1.938775   -2.551020   -0.062513
   -1.938775   -2.346939    0.097269
   -1.938775   -2.142857    0.249184
   -1.938775   -1.938775    0.389188
   -1.938775   -1.734694    0.514181
   -1.938775   -1.530612    0.622119
   -1.938775   -1.326530    0.712066
   -1.938775   -1.122449    0.784158
   -1.938775   -0.918367    0.839470
   -1.938775   -0.714285    0.879792
   -1.938775   -0.510204    0.907296
   -1.938775   -0.306122    0.924148
   -1.938775   -0.102041    0.932088
   -1.938775    0.102041    0.932088
   -1.938775    0.306123    0.924148
   -1.938775    0.510204    0.907296
   -1.938775    0.714286    0.879792
   -1.938775    0.918367    0.839470
   -1.938775    1.122449    0.784158
   -1.938775    1.326531    0.712066
   -1.938775    1.530612    0.622119
   -1.938775    1.734694    0.514181
   -1.938775    1.938776    0.389188
   -1.938775    2.142858    0.249183
   -1.938775    2.346939    0.097268
   -1.938775    2.551021   -0.062513
   -1.938775    2.755102   -0.225348
   -1.938775    2.959184   -0.385869
   -1.938775    3.163265   -0.538404
   -1.938775    3.367347   -0.677240
   -1.938775    3.571429   -0.796899
   -1.938775    3.775511   -0.892392
   -1.938775    3.979592   -0.959478
   -1.938775    4.183674   -0.994872
   -1.938775    4.387755   -0.996422
   -1.938775    4.591837   -0.963244
   -1.938775    4.795918   -0.895792
   -1.938775    5.000000   -0.795879

   -1.734694   -5.000000   -0.836474
   -1.734694   -4.795918   -0.925815
   -1.734694   -4.591837   -0.980817
   -1.734694   -4.387755   -0.999983
   -1.734694   -4.183673   -0.983240
   -1.734694   -3.979592   -0.931909
   -1.734694   -3.775510   -0.848615
   -1.734694   -3.571429   -0.737142
   -1.734694   -3.367347   -0.602243
   -1.734694   -3.163265   -0.449401
   -1.734694   -2.959184   -0.284570
   -1.734694   -2.755102   -0.113885
   -1.734694   -2.551020    0.056620
   -1.734694   -2.346939    0.221307
   -1.734694   -2.142857    0.375190
   -1.734694   -1.938775    0.514181
   -1.734694   -1.734694    0.635275
   -1.734694   -1.530612    0.736693
   -1.734694   -1.326530    0.817942
   -1.734694   -1.122449    0.879792
   -1.734694   -0.918367    0.924148
   -1.734694   -0.714285    0.953787
   -1.734694   -0.510204    0.971959
   -1.734694   -0.306122    0.981872
   -1.734694   -0.102041    0.986105
   -1.734694    0.102041    0.986105
   -1.734694    0.306123    0.981872
   -1.734694    0.510204    0.971959
   -1.734694    0.714286    0.953786
   -1.734694    0.918367    0.924148
   -1.734694    1.122449    0.879791
   -1.734694    1.326531    0.817941
   -1.734694    1.530612    0.736693
   -1.734694    1.734694    0.635275
   -1.734694    1.938776    0.514181
   -1.734694    2.142858    0.375190
   -1.734694    2.346939    0.221306
   -1.734694    2.551021    0.056620
   -1.734694    2.755102   -0.113886
   -1.734694    2.959184   -0.284570
   -1.734694    3.163265   -0.449401
   -1.734694    3.367347   -0.602243
   -1.734694    3.571429   -0.737142
   -1.734694    3.775511   -0.848615
   -1.734694    3.979592   -0.931909
   -1.734694    4.183674   -0.983240
   -1.734694    4.387755   -0.999983
   -1.734694    4.591837   -0.980817
   -1.734694    4.795918   -0.925815
   -1.734694    5.000000   -0.836474

   -1.530612   -5.000000   -0.869483
   -1.530612   -4.795918   -0.948650
   -1.530612   -4.591837   -0.991841
   -1.530612   -4.387755   -0.997867
   -1.530612   -4.183673   -0.967026
   -1.530612   -3.979592   -0.901057
   -1.530612   -3.775510   -0.803041
   -1.530612   -3.571429   -0.677241
   -1.530612   -3.367347   -0.528896
   -1.530612   -3.163265   -0.363968
   -1.530612   -2.959184   -0.188864
   -1.530612   -2.755102   -0.010131
   -1.530612   -2.551020    0.165847
   -1.530612   -2.346939    0.333155
   -1.530612   -2.142857    0.486630
   -1.530612   -1.938775    0.622119
   -1.530612   -1.734694    0.736693
   -1.530612   -1.530612    0.828811
   -1.530612   -1.326530    0.898412
   -1.530612   -1.122449    0.946923
   -1.530612   -0.918367    0.977149
   -1.530612   -0.714285    0.993013
   -1.530612   -0.510204    0.999092
   -1.530612   -0.306122    0.999951
   -1.530612   -0.102041    0.999323
   -1.530612    0.102041    0.999323
   -1.530612    0.306123    0.999951
   -1.530612    0.510204    0.999092
   -1.530612    0.714286    0.993013
   -1.530612    0.918367    0.977149
   -1.530612    1.122449    0.946923
   -1.530612    1.326531    0.898412
   -1.530612    1.530612    0.828811
   -1.530612    1.734694    0.736693
   -1.530612    1.938776    0.622119
   -1.530612    2.142858    0.486630
   -1.530612    2.346939    0.333155
   -1.530612    2.551021    0.165847
   -1.530612    2.755102   -0.010131
   -1.530612    2.959184   -0.188864
   -1.530612    3.163265   -0.363968
   -1.530612    3.367347   -0.528896
   -1.530612    3.571429   -0.677241
   -1.530612    3.775511   -0.803041
   -1.530612    3.979592   -0.901057
   -1.530612    4.183674   -0.967026
   -1.530612    4.387755   -0.997867
   -1.530612    4.591837   -0.991841
   -1.530612    4.795918   -0.948650
   -1.530612    5.000000   -0.869483

   -1.326530   -5.000000   -0.895792
   -1.326530   -4.795918   -0.965457
   -1.326530   -4.591837   -0.997742
   -1.326530   -4.387755   -0.991756
   -1.326530   -4.183673   -0.948145
   -1.326530   -3.979592   -0.869043
   -1.326530   -3.775510   -0.757958
   -1.326530   -3.571429   -0.619601
   -1.326530   -3.367347   -0.459668
   -1.326530   -3.163265   -0.284570
   -1.326530   -2.959184   -0.101142
   -1.326530   -2.755102    0.083674
   -1.326530   -2.551020    0.263150
   -1.326530   -2.346939    0.431095
   -1.326530   -2.142857    0.582150
   -1.326530   -1.938775    0.712066
   -1.326530   -1.734694    0.817942
   -1.326530   -1.530612    0.898412
   -1.326530   -1.326530    0.953787
   -1.326530   -1.122449    0.986105
   -1.326530   -0.918367    0.999092
   -1.326530   -0.714285    0.997941
   -1.326530   -0.510204    0.988841
   -1.326530   -0.306122    0.978155
   -1.326530   -0.102041    0.971255
   -1.326530    0.102041    0.971255
   -1.326530    0.306123    0.978155
   -1.326530    0.510204    0.988841
   -1.326530    0.714286    0.997941
   -1.326530    0.918367    0.999092
   -1.326530    1.122449    0.986105
   -1.326530    1.326531    0.953786
   -1.326530    1.530612    0.898412
   -1.326530    1.734694    0.817941
   -1.326530    1.938776    0.712066
   -1.326530    2.142858    0.582150
   -1.326530    2.346939    0.431095
   -1.326530    2.551021    0.263150
   -1.326530    2.755102    0.083673
   -1.326530    2.959184   -0.101142
   -1.326530    3.163265   -0.284570
   -1.326530    3.367347   -0.459668
   -1.326530    3.571429   -0.619602
   -1.326530    3.775511   -0.757958
   -1.326530    3.979592   -0.869044
   -1.326530    4.183674   -0.948145
   -1.326530    4.387755   -0.991756
   -1.326530    4.591837   -0.997742
   -1.326530    4.795918   -0.965457
   -1.326530    5.000000   -0.895792

   -1.122449   -5.000000   -0.916301
   -1.122449   -4.795918   -0.977374
   -1.122449   -4.591837   -0.999893
   -1.122449   -4.387755   -0.983240
   -1.122449   -4.183673   -0.928383
   -1.122449   -3.979592   -0.837813
   -1.122449   -3.775510   -0.715428
   -1.122449   -3.571429   -0.566348
   -1.122449   -3.367347   -0.396685
   -1.122449   -3.163265   -0.213264
   -1.122449   -2.959184   -0.023316
   -1.122449   -2.755102    0.165847
   -1.122449   -2.551020    0.347170
   -1.122449   -2.346939    0.514181
   -1.122449   -2.142857    0.661306
   -1.122449   -1.938775    0.784158
   -1.122449   -1.734694    0.879792
   -1.122449   -1.530612    0.946923
   -1.122449   -1.326530    0.986105
   -1.122449   -1.122449    0.999862
   -1.122449   -0.918367    0.992746
   -1.122449   -0.714285    0.971255
   -1.122449   -0.510204    0.943475
   -1.122449   -0.306122    0.918173
   -1.122449   -0.102041    0.903161
   -1.122449    0.102041    0.903161
   -1.122449    0.306123    0.918173
   -1.122449    0.510204    0.943475
   -1.122449    0.714286    0.971255
   -1.122449    0.918367    0.992746
   -1.122449    1.122449    0.999862
   -1.122449    1.326531    0.986105
   -1.122449    1.530612    0.946923
   -1.122449    1.734694    0.879792
   -1.122449    1.938776    0.784158
   -1.122449    2.142858    0.661305
   -1.122449    2.346939    0.514180
   -1.122449    2.551021    0.347170
   -1.122449    2.755102    0.165847
   -1.122449    2.959184   -0.023317
   -1.122449    3.163265   -0.213264
   -1.122449    3.367347   -0.396685
   -1.122449    3.571429   -0.566348
   -1.122449    3.775511   -0.715428
   -1.122449    3.979592   -0.837813
   -1.122449    4.183674   -0.928383
   -1.122449    4.387755   -0.983240
   -1.122449    4.591837   -0.999893
   -1.122449    4.795918   -0.977374
   -1.122449    5.000000   -0.916301

   -0.918367   -5.000000   -0.931874
   -0.918367   -4.795918   -0.985472
   -0.918367   -4.591837   -0.999561
   -0.918367   -4.387755   -0.973768
   -0.918367   -4.183673   -0.909338
   -0.918367   -3.979592   -0.809083
   -0.918367   -3.775510   -0.677241
   -0.918367   -3.571429   -0.519292
   -0.918367   -3.367347   -0.341714
   -0.918367   -3.163265   -0.151699
   -0.918367   -2.959184    0.043166
   -0.918367   -2.755102    0.235235
   -0.918367   -2.551020    0.417144
   -0.918367   -2.346939    0.582150
   -0.918367   -2.142857    0.724448
   -0.918367   -1.938775    0.839470
   -0.918367   -1.734694    0.924148
   -0.918367   -1.530612    0.977149
   -0.918367   -1.326530    0.999092
   -0.918367   -1.122449    0.992746
   -0.918367   -0.918367    0.963228
   -0.918367   -0.714285    0.918173
   -0.918367   -0.510204    0.867709
   -0.918367   -0.306122    0.823779
   -0.918367   -0.102041    0.798030
   -0.918367    0.102041    0.798030
   -0.918367    0.306123    0.823779
   -0.918367    0.510204    0.867709
   -0.918367    0.714286    0.918173
   -0.918367    0.918367    0.963228
   -0.918367    1.122449    0.992746
   -0.918367    1.326531    0.999092
   -0.918367    1.530612    0.977149
   -0.918367    1.734694    0.924148
   -0.918367    1.938776    0.839470
   -0.918367    2.142858    0.724448
   -0.918367    2.346939    0.582150
   -0.918367    2.551021    0.417144
   -0.918367    2.755102    0.235235
   -0.918367    2.959184    0.043165
   -0.918367    3.163265   -0.151699
   -0.918367    3.367347   -0.341714
   -0.918367    3.571429   -0.519292
   -0.918367    3.775511   -0.677241
   -0.918367    3.979592   -0.809083
   -0.918367    4.183674   -0.909339
   -0.918367    4.387755   -0.973768
   -0.918367    4.591837   -0.999561
   -0.918367    4.795918   -0.985472
   -0.918367    5.000000   -0.931874

   -0.714285   -5.000000   -0.943296
   -0.714285   -4.795918   -0.990708
   -0.714285   -4.591837   -0.997867
   -0.714285   -4.387755   -0.964600
   -0.714285   -4.183673   -0.892392
   -0.714285   -3.979592   -0.784316
   -0.714285   -3.775510   -0.644899
   -0.714285   -3.571429   -0.479920
   -0.714285   -3.367347   -0.296168
   -0.714285   -3.163265   -0.101142
   -0.714285   -2.959184    0.097268
   -0.714285   -2.755102    0.291126
   -0.714285   -2.551020    0.472794
   -0.714285   -2.346939    0.635275
   -0.714285   -2.142857    0.772534
   -0.714285   -1.938775    0.879792
   -0.714285   -1.734694    0.953787
   -0.714285   -1.530612    0.993013
   -0.714285   -1.326530    0.997941
   -0.714285   -1.122449    0.971255
   -0.714285   -0.918367    0.918173
   -0.714285   -0.714285    0.846913
   -0.714285   -0.510204    0.769328
   -0.714285   -0.306122    0.701229
   -0.714285   -0.102041    0.660540
   -0.714285    0.102041    0.660540
   -0.714285    0.306123    0.701229
   -0.714285    0.510204    0.769328
   -0.714285    0.714286    0.846913
   -0.714285    0.918367    0.918173
   -0.714285    1.122449    0.971256
   -0.714285    1.326531    0.997941
   -0.714285    1.530612    0.993013
   -0.714285    1.734694    0.953786
   -0.714285    1.938776    0.879792
   -0.714285    2.142858    0.772534
   -0.714285    2.346939    0.635275
   -0.714285    2.551021    0.472794
   -0.714285    2.755102    0.291126
   -0.714285    2.959184    0.097268
   -0.714285    3.163265   -0.101142
   -0.714285    3.367347   -0.296168
   -0.714285    3.571429   -0.479921
   -0.714285    3.775511   -0.644899
   -0.714285    3.979592   -0.784317
   -0.714285    4.183674   -0.892392
   -0.714285    4.387755   -0.964600
   -0.714285    4.591837   -0.997867
   -0.714285    4.795918   -0.990708
   -0.714285    5.000000   -0.943296

   -0.510204   -5.000000   -0.951237
   -0.510204   -4.795918   -0.993891
   -0.510204   -4.591837   -0.995744
   -0.510204   -4.387755   -0.956782
   -0.510204   -4.183673   -0.878673
   -0.510204   -3.979592   -0.764697
   -0.510204   -3.775510   -0.619601
   -0.510204   -3.571429   -0.449401
   -0.510204   -3.367347   -0.261124
   -0.510204   -3.163265   -0.062513
   -0.510204   -2.959184    0.138303
   -0.510204   -2.755102    0.333155
   -0.510204   -2.551020    0.514181
   -0.510204   -2.346939    0.674168
   -0.510204   -2.142857    0.806870
   -0.510204   -1.938775    0.907296
   -0.510204   -1.734694    0.971959
   -0.510204   -1.530612    0.999092
   -0.510204   -1.326530    0.988841
   -0.510204   -1.122449    0.943475
   -0.510204   -0.918367    0.867709
   -0.510204   -0.714285    0.769328
   -0.510204   -0.510204    0.660540
   -0.510204   -0.306122    0.560504
   -0.510204   -0.102041    0.497147
   -0.510204    0.102041    0.497147
   -0.510204    0.306123    0.560505
   -0.510204    0.510204    0.660540
   -0.510204    0.714286    0.769328
   -0.510204    0.918367    0.867709
   -0.510204    1.122449    0.943475
   -0.510204    1.326531    0.988841
   -0.510204    1.530612    0.999092
   -0.510204    1.734694    0.971959
   -0.510204    1.938776    0.907296
   -0.510204    2.142858    0.806870
   -0.510204    2.346939    0.674167
   -0.510204    2.551021    0.514180
   -0.510204    2.755102    0.333155
   -0.510204    2.959184    0.138303
   -0.510204    3.163265   -0.062513
   -0.510204    3.367347   -0.261124
   -0.510204    3.571429   -0.449402
   -0.510204    3.775511   -0.619602
   -0.510204    3.979592   -0.764698
   -0.510204    4.183674   -0.878673
   -0.510204    4.387755   -0.956782
   -0.510204    4.591837   -0.995744
   -0.510204    4.795918   -0.993891
   -0.510204    5.000000   -0.951237

   -0.306122   -5.000000   -0.956227
   -0.306122   -4.795918   -0.995652
   -0.306122   -4.591837   -0.993917
   -0.306122   -4.387755   -0.951116
   -0.306122   -4.183673   -0.869043
   -0.306122   -3.979592   -0.751119
   -0.306122   -3.775510   -0.602243
   -0.306122   -3.571429   -0.428590
   -0.306122   -3.367347   -0.237353
   -0.306122   -3.163265   -0.036442
   -0.306122   -2.959184    0.165847
   -0.306122   -2.755102    0.361183
   -0.306122   -2.551020    0.541542
   -0.306122   -2.346939    0.699554
   -0.306122   -2.142857    0.828811
   -0.306122   -1.938775    0.924148
   -0.306122   -1.734694    0.981872
   -0.306122   -1.530612    0.999951
   -0.306122   -1.326530    0.978155
   -0.306122   -1.122449    0.918173
   -0.306122   -0.918367    0.823779
   -0.306122   -0.714285    0.701229
   -0.306122   -0.510204    0.560504
   -0.306122   -0.306122    0.419525
   -0.306122   -0.102041    0.317111
   -0.306122    0.102041    0.317111
   -0.306122    0.306123    0.419526
   -0.306122    0.510204    0.560505
   -0.306122    0.714286    0.701229
   -0.306122    0.918367    0.823779
   -0.306122    1.122449    0.918173
   -0.306122    1.326531    0.978155
   -0.306122    1.530612    0.999951
   -0.306122    1.734694    0.981872
   -0.306122    1.938776    0.924148
   -0.306122    2.142858    0.828811
   -0.306122    2.346939    0.699554
   -0.306122    2.551021    0.541542
   -0.306122    2.755102    0.361183
   -0.306122    2.959184    0.165847
   -0.306122    3.163265   -0.036442
   -0.306122    3.367347   -0.237353
   -0.306122    3.571429   -0.428591
   -0.306122    3.775511   -0.602243
   -0.306122    3.979592   -0.751120
   -0.306122    4.183674   -0.869043
   -0.306122    4.387755   -0.951116
   -0.306122    4.591837   -0.993917
   -0.306122    4.795918   -0.995652
   -0.306122    5.000000   -0.956227

   -0.102041   -5.000000   -0.958628
   -0.102041   -4.795918   -0.996422
   -0.102041   -4.591837   -0.992878
   -0.102041   -4.387755   -0.948145
   -0.102041   -4.183673   -0.864083
   -0.102041   -3.979592   -0.744181
   -0.102041   -3.775510   -0.593416
   -0.102041   -3.571429   -0.418046
   -0.102041   -3.367347   -0.225348
   -0.102041   -3.163265   -0.023316
   -0.102041   -2.959184    0.179669
   -0.102041   -2.755102    0.375190
   -0.102041   -2.551020    0.555141
   -0.102041   -2.346939    0.712066
   -0.102041   -2.142857    0.839470
   -0.102041   -1.938775    0.932088
   -0.102041   -1.734694    0.986105
   -0.102041   -1.530612    0.999323
   -0.102041   -1.326530    0.971255
   -0.102041   -1.122449    0.903161
   -0.102041   -0.918367    0.798030
   -0.102041   -0.714285    0.660540
   -0.102041   -0.510204    0.497147
   -0.102041   -0.306122    0.317111
   -0.102041   -0.102041    0.143807
   -0.102041    0.102041    0.143807
   -0.102041    0.306123    0.317111
   -0.102041    0.510204    0.497148
   -0.102041    0.714286    0.660540
   -0.102041    0.918367    0.798030
   -0.102041    1.122449    0.903162
   -0.102041    1.326531    0.971256
   -0.102041    1.530612    0.999323
   -0.102041    1.734694    0.986105
   -0.102041    1.938776    0.932088
   -0.102041    2.142858    0.839470
   -0.102041    2.346939    0.712066
   -0.102041    2.551021    0.555141
   -0.102041    2.755102    0.375190
   -0.102041    2.959184    0.179669
   -0.102041    3.163265   -0.023316
   -0.102041    3.367347   -0.225348
   -0.102041    3.571429   -0.418047
   -0.102041    3.775511   -0.593416
   -0.102041    3.979592   -0.744181
   -0.102041    4.183674   -0.864083
   -0.102041    4.387755   -0.948145
   -0.102041    4.591837   -0.992878
   -0.102041    4.795918   -0.996422
   -0.102041    5.000000   -0.958628

    0.102041   -5.000000   -0.958628
    0.102041   -4.795918   -0.996422
    0.102041   -4.591837   -0.992878
    0.102041   -4.387755   -0.948145
    0.102041   -4.183673   -0.864083
    0.102041   -3.979592   -0.744181
    0.102041   -3.775510   -0.593416
    0.102041   -3.571429   -0.418046
    0.102041   -3.367347   -0.225348
    0.102041   -3.163265   -0.023316
    0.102041   -2.959184    0.179669
    0.102041   -2.755102    0.375190
    0.102041   -2.551020    0.555141
    0.102041   -2.346939    0.712066
    0.102041   -2.142857    0.839470
    0.102041   -1.938775    0.932088
    0.102041   -1.734694    0.986105
    0.102041   -1.530612    0.999323
    0.102041   -1.326530    0.971255
    0.102041   -1.122449    0.903161
    0.102041   -0.918367    0.798030
    0.102041   -0.714285    0.660540
    0.102041   -0.510204    0.497147
    0.102041   -0.306122    0.317111
    0.102041   -0.102041    0.143807
    0.102041    0.102041    0.143807
    0.102041    0.306123    0.317111
    0.102041    0.510204    0.497148
    0.102041    0.714286    0.660540
    0.102041    0.918367    0.798030
    0.102041    1.122449    0.903162
    0.102041    1.326531    0.971256
    0.102041    1.530612    0.999323
    0.102041    1.734694    0.986105
    0.102041    1.938776    0.932088
    0.102041    2.142858    0.839470
    0.102041    2.346939    0.712066
    0.102041    2.551021    0.555141
    0.102041    2.755102    0.375190
    0.102041    2.959184    0.179669
    0.102041    3.163265   -0.023316
    0.102041    3.367347   -0.225348
    0.102041    3.571429   -0.418047
    0.102041    3.775511   -0.593416
    0.102041    3.979592   -0.744181
    0.102041    4.183674   -0.864083
    0.102041    4.387755   -0.948145
    0.102041    4.591837   -0.992878
    0.102041    4.795918   -0.996422
    0.102041    5.000000   -0.958628

    0.306123   -5.000000   -0.956227
    0.306123   -4.795918   -0.995652
    0.306123   -4.591837   -0.993917
    0.306123   -4.387755   -0.951116
    0.306123   -4.183673   -0.869043
    0.306123   -3.979592   -0.751119
    0.306123   -3.775510   -0.602243
    0.306123   -3.571429   -0.428590
    0.306123   -3.367347   -0.237353
    0.306123   -3.163265   -0.036442
    0.306123   -2.959184    0.165847
    0.306123   -2.755102    0.361183
    0.306123   -2.551020    0.541542
    0.306123   -2.346939    0.699554
    0.306123   -2.142857    0.828811
    0.306123   -1.938775    0.924148
    0.306123   -1.734694    0.981872
    0.306123   -1.530612    0.999951
    0.306123   -1.326530    0.978155
    0.306123   -1.122449    0.918173
    0.306123   -0.918367    0.823779
    0.306123   -0.714285    0.701229
    0.306123   -0.510204    0.560505
    0.306123   -0.306122    0.419526
    0.306123   -0.102041    0.317111
    0.306123    0.102041    0.317111
    0.306123    0.306123    0.419526
    0.306123    0.510204    0.560505
    0.306123    0.714286    0.701229
    0.306123    0.918367    0.823779
    0.306123    1.122449    0.918173
    0.306123    1.326531    0.978155
    0.306123    1.530612    0.999951
    0.306123    1.734694    0.981871
    0.306123    1.938776    0.924148
    0.306123    2.142858    0.828811
    0.306123    2.346939    0.699554
    0.306123    2.551021    0.541542
    0.306123    2.755102    0.361183
    0.306123    2.959184    0.165847
    0.306123    3.163265   -0.036442
    0.306123    3.367347   -0.237353
    0.306123    3.571429   -0.428591
    0.306123    3.775511   -0.602243
    0.306123    3.979592   -0.751120
    0.306123    4.183674   -0.869044
    0.306123    4.387755   -0.951116
    0.306123    4.591837   -0.993917
    0.306123    4.795918   -0.995652
    0.306123    5.000000   -0.956227

    0.510204   -5.000000   -0.951237
    0.510204   -4.795918   -0.993891
    0.510204   -4.591837   -0.995744
    0.510204   -4.387755   -0.956782
    0.510204   -4.183673   -0.878673
    0.510204   -3.979592   -0.764697
    0.510204   -3.775510   -0.619601
    0.510204   -3.571429   -0.449401
    0.510204   -3.367347   -0.261124
    0.510204   -3.163265   -0.062513
    0.510204   -2.959184    0.138303
    0.510204   -2.755102    0.333155
    0.510204   -2.551020    0.514181
    0.510204   -2.346939    0.674168
    0.510204   -2.142857    0.806870
    0.510204   -1.938775    0.907296
    0.510204   -1.734694    0.971959
    0.510204   -1.530612    0.999092
    0.510204   -1.326530    0.988841
    0.510204   -1.122449    0.943475
    0.510204   -0.918367    0.867709
    0.510204   -0.714285    0.769328
    0.510204   -0.510204    0.660540
    0.510204   -0.306122    0.560505
    0.510204   -0.102041    0.497148
    0.510204    0.102041    0.497148
    0.510204    0.306123    0.560505
    0.510204    0.510204    0.660540
    0.510204    0.714286    0.769328
    0.510204    0.918367    0.867709
    0.510204    1.122449    0.943475
    0.510204    1.326531    0.988841
    0.510204    1.530612    0.999092
    0.510204    1.734694    0.971959
    0.510204    1.938776    0.907296
    0.510204    2.142858    0.806870
    0.510204    2.346939    0.674167
    0.510204    2.551021    0.514180
    0.510204    2.755102    0.333155
    0.510204    2.959184    0.138303
    0.510204    3.163265   -0.062513
    0.510204    3.367347   -0.261124
    0.510204    3.571429   -0.449402
    0.510204    3.775511   -0.619602
    0.510204    3.979592   -0.764698
    0.510204    4.183674   -0.878673
    0.510204    4.387755   -0.956782
    0.510204    4.591837   -0.995744
    0.510204    4.795918   -0.993891
    0.510204    5.000000   -0.951237

    0.714286   -5.000000   -0.943296
    0.714286   -4.795918   -0.990708
    0.714286   -4.591837   -0.997867
    0.714286   -4.387755   -0.964600
    0.714286   -4.183673   -0.892392
    0.714286   -3.979592   -0.784316
    0.714286   -3.775510   -0.644899
    0.714286   -3.571429   -0.479921
    0.714286   -3.367347   -0.296168
    0.714286   -3.163265   -0.101142
    0.714286   -2.959184    0.097268
    0.714286   -2.755102    0.291126
    0.714286   -2.551020    0.472794
    0.714286   -2.346939    0.635275
    0.714286   -2.142857    0.772534
    0.714286   -1.938775    0.879792
    0.714286   -1.734694    0.953786
    0.714286   -1.530612    0.993013
    0.714286   -1.326530    0.997941
    0.714286   -1.122449    0.971255
    0.714286   -0.918367    0.918173
    0.714286   -0.714285    0.846913
    0.714286   -0.510204    0.769328
    0.714286   -0.306122    0.701229
    0.714286   -0.102041    0.660540
    0.714286    0.102041    0.660540
    0.714286    0.306123    0.701229
    0.714286    0.510204    0.769328
    0.714286    0.714286    0.846913
    0.714286    0.918367    0.918173
    0.714286    1.122449    0.971256
    0.714286    1.326531    0.997941
    0.714286    1.530612    0.993013
    0.714286    1.734694    0.953786
    0.714286    1.938776    0.879792
    0.714286    2.142858    0.772534
    0.714286    2.346939    0.635275
    0.714286    2.551021    0.472794
    0.714286    2.755102    0.291126
    0.714286    2.959184    0.097268
    0.714286    3.163265   -0.101142
    0.714286    3.367347   -0.296168
    0.714286    3.571429   -0.479921
    0.714286    3.775511   -0.644899
    0.714286    3.979592   -0.784317
    0.714286    4.183674   -0.892392
    0.714286    4.387755   -0.964600
    0.714286    4.591837   -0.997867
    0.714286    4.795918   -0.990708
    0.714286    5.000000   -0.943296

    0.918367   -5.000000   -0.931874
    0.918367   -4.795918   -0.985472
    0.918367   -4.591837   -0.999561
    0.918367   -4.387755   -0.973768
    0.918367   -4.183673   -0.909338
    0.918367   -3.979592   -0.809083
    0.918367   -3.775510   -0.677241
    0.918367   -3.571429   -0.519292
    0.918367   -3.367347   -0.341714
    0.918367   -3.163265   -0.151699
    0.918367   -2.959184    0.043166
    0.918367   -2.755102    0.235235
    0.918367   -2.551020    0.417144
    0.918367   -2.346939    0.582150
    0.918367   -2.142857    0.724448
    0.918367   -1.938775    0.839470
    0.918367   -1.734694    0.924148
    0.918367   -1.530612    0.977149
    0.918367   -1.326530    0.999092
    0.918367   -1.122449    0.992746
    0.918367   -0.918367    0.963228
    0.918367   -0.714285    0.918173
    0.918367   -0.510204    0.867709
    0.918367   -0.306122    0.823779
    0.918367   -0.102041    0.798030
    0.918367    0.102041    0.798030
    0.918367    0.306123    0.823779
    0.918367    0.510204    0.867709
    0.918367    0.714286    0.918173
    0.918367    0.918367    0.963228
    0.918367    1.122449    0.992746
    0.918367    1.326531    0.999092
    0.918367    1.530612    0.977149
    0.918367    1.734694    0.924148
    0.918367    1.938776    0.839470
    0.918367    2.142858    0.724448
    0.918367    2.346939    0.582150
    0.918367    2.551021    0.417144
    0.918367    2.755102    0.235235
    0.918367    2.959184    0.043165
    0.918367    3.163265   -0.151699
    0.918367    3.367347   -0.341714
    0.918367    3.571429   -0.519292
    0.918367    3.775511   -0.677241
    0.918367    3.979592   -0.809083
    0.918367    4.183674   -0.909339
    0.918367    4.387755   -0.973768
    0.918367    4.591837   -0.999561
    0.918367    4.795918   -0.985472
    0.918367    5.000000   -0.931874

    1.122449   -5.000000   -0.916301
    1.122449   -4.795918   -0.977374
    1.122449   -4.591837   -0.999893
    1.122449   -4.387755   -0.983240
    1.122449   -4.183673   -0.928383
    1.122449   -3.979592   -0.837813
    1.122449   -3.775510   -0.715428
    1.122449   -3.571429   -0.566348
    1.122449   -3.367347   -0.396685
    1.122449   -3.163265   -0.213264
    1.122449   -2.959184   -0.023316
    1.122449   -2.755102    0.165847
    1.122449   -2.551020    0.347170
    1.122449   -2.346939    0.514180
    1.122449   -2.142857    0.661306
    1.122449   -1.938775    0.784158
    1.122449   -1.734694    0.879791
    1.122449   -1.530612    0.946923
    1.122449   -1.326530    0.986105
    1.122449   -1.122449    0.999862
    1.122449   -0.918367    0.992746
    1.122449   -0.714285    0.971256
    1.122449   -0.510204    0.943475
    1.122449   -0.306122    0.918173
    1.122449   -0.102041    0.903162
    1.122449    0.102041    0.903162
    1.122449    0.306123    0.918173
    1.122449    0.510204    0.943475
    1.122449    0.714286    0.971256
    1.122449    0.918367    0.992746
    1.122449    1.122449    0.999862
    1.122449    1.326531    0.986105
    1.122449    1.530612    0.946922
    1.122449    1.734694    0.879791
    1.122449    1.938776    0.784158
    1.122449    2.142858    0.661305
    1.122449    2.346939    0.514180
    1.122449    2.551021    0.347170
    1.122449    2.755102    0.165847
    1.122449    2.959184   -0.023317
    1.122449    3.163265   -0.213264
    1.122449    3.367347   -0.396685
    1.122449    3.571429   -0.566348
    1.122449    3.775511   -0.715428
    1.122449    3.979592   -0.837813
    1.122449    4.183674   -0.928383
    1.122449    4.387755   -0.983240
    1.122449    4.591837   -0.999893
    1.122449    4.795918   -0.977374
    1.122449    5.000000   -0.916301

    1.326531   -5.000000   -0.895792
    1.326531   -4.795918   -0.965457
    1.326531   -4.591837   -0.997742
    1.326531   -4.387755   -0.991756
    1.326531   -4.183673   -0.948145
    1.326531   -3.979592   -0.869043
    1.326531   -3.775510   -0.757958
    1.326531   -3.571429   -0.619601
    1.326531   -3.367347   -0.459668
    1.326531   -3.163265   -0.284570
    1.326531   -2.959184   -0.101142
    1.326531   -2.755102    0.083673
    1.326531   -2.551020    0.263150
    1.326531   -2.346939    0.431095
    1.326531   -2.142857    0.582150
    1.326531   -1.938775    0.712066
    1.326531   -1.734694    0.817941
    1.326531   -1.530612    0.898412
    1.326531   -1.326530    0.953786
    1.326531   -1.122449    0.986105
    1.326531   -0.918367    0.999092
    1.326531   -0.714285    0.997941
    1.326531   -0.510204    0.988841
    1.326531   -0.306122    0.978155
    1.326531   -0.102041    0.971256
    1.326531    0.102041    0.971256
    1.326531    0.306123    0.978155
    1.326531    0.510204    0.988841
    1.326531    0.714286    0.997941
    1.326531    0.918367    0.999092
    1.326531    1.122449    0.986105
    1.326531    1.326531    0.953786
    1.326531    1.530612    0.898412
    1.326531    1.734694    0.817941
    1.326531    1.938776    0.712066
    1.326531    2.142858    0.582150
    1.326531    2.346939    0.431095
    1.326531    2.551021    0.263150
    1.326531    2.755102    0.083673
    1.326531    2.959184   -0.101143
    1.326531    3.163265   -0.284570
    1.326531    3.367347   -0.459668
    1.326531    3.571429   -0.619602
    1.326531    3.775511   -0.757959
    1.326531    3.979592   -0.869044
    1.326531    4.183674   -0.948145
    1.326531    4.387755   -0.991756
    1.326531    4.591837   -0.997742
    1.326531    4.795918   -0.965457
    1.326531    5.000000   -0.895792

    1.530612   -5.000000   -0.869482
    1.530612   -4.795918   -0.948650
    1.530612   -4.591837   -0.991841
    1.530612   -4.387755   -0.997867
    1.530612   -4.183673   -0.967026
    1.530612   -3.979592   -0.901057
    1.530612   -3.775510   -0.803041
    1.530612   -3.571429   -0.677241
    1.530612   -3.367347   -0.528896
    1.530612   -3.163265   -0.363968
    1.530612   -2.959184   -0.188864
    1.530612   -2.755102   -0.010131
    1.530612   -2.551020    0.165847
    1.530612   -2.346939    0.333155
    1.530612   -2.142857    0.486630
    1.530612   -1.938775    0.622119
    1.530612   -1.734694    0.736693
    1.530612   -1.530612    0.828811
    1.530612   -1.326530    0.898412
    1.530612   -1.122449    0.946923
    1.530612   -0.918367    0.977149
    1.530612   -0.714285    0.993013
    1.530612   -0.510204    0.999092
    1.530612   -0.306122    0.999951
    1.530612   -0.102041    0.999323
    1.530612    0.102041    0.999323
    1.530612    0.306123    0.999951
    1.530612    0.510204    0.999092
    1.530612    0.714286    0.993013
    1.530612    0.918367    0.977149
    1.530612    1.122449    0.946922
    1.530612    1.326531    0.898412
    1.530612    1.530612    0.828811
    1.530612    1.734694    0.736693
    1.530612    1.938776    0.622119
    1.530612    2.142858    0.486629
    1.530612    2.346939    0.333154
    1.530612    2.551021    0.165847
    1.530612    2.755102   -0.010131
    1.530612    2.959184   -0.188864
    1.530612    3.163265   -0.363968
    1.530612    3.367347   -0.528896
    1.530612    3.571429   -0.677241
    1.530612    3.775511   -0.803041
    1.530612    3.979592   -0.901057
    1.530612    4.183674   -0.967026
    1.530612    4.387755   -0.997867
    1.530612    4.591837   -0.991841
    1.530612    4.795918   -0.948650
    1.530612    5.000000   -0.869482

    1.734694   -5.000000   -0.836474
    1.734694   -4.795918   -0.925815
    1.734694   -4.591837   -0.980817
    1.734694   -4.387755   -0.999983
    1.734694   -4.183673   -0.983240
    1.734694   -3.979592   -0.931909
    1.734694   -3.775510   -0.848615
    1.734694   -3.571429   -0.737142
    1.734694   -3.367347   -0.602243
    1.734694   -3.163265   -0.449401
    1.734694   -2.959184   -0.284570
    1.734694   -2.755102   -0.113886
    1.734694   -2.551020    0.056620
    1.734694   -2.346939    0.221306
    1.734694   -2.142857    0.375190
    1.734694   -1.938775    0.514181
    1.734694   -1.734694    0.635275
    1.734694   -1.530612    0.736693
    1.734694   -1.326530    0.817941
    1.734694   -1.122449    0.879792
    1.734694   -0.918367    0.924148
    1.734694   -0.714285    0.953786
    1.734694   -0.510204    0.971959
    1.734694   -0.306122    0.981872
    1.734694   -0.102041    0.986105
    1.734694    0.102041    0.986105
    1.734694    0.306123    0.981871
    1.734694    0.510204    0.971959
    1.734694    0.714286    0.953786
    1.734694    0.918367    0.924148
    1.734694    1.122449    0.879791
    1.734694    1.326531    0.817941
    1.734694    1.530612    0.736693
    1.734694    1.734694    0.635275
    1.734694    1.938776    0.514180
    1.734694    2.142858    0.375190
    1.734694    2.346939    0.221306
    1.734694    2.551021    0.056620
    1.734694    2.755102   -0.113886
    1.734694    2.959184   -0.284570
    1.734694    3.163265   -0.449401
    1.734694    3.367347   -0.602243
    1.734694    3.571429   -0.737142
    1.734694    3.775511   -0.848615
    1.734694    3.979592   -0.931909
    1.734694    4.183674   -0.983240
    1.734694    4.387755   -0.999983
    1.734694    4.591837   -0.980817
    1.734694    4.795918   -0.925815
    1.734694    5.000000   -0.836474

    1.938776   -5.000000   -0.795879
    1.938776   -4.795918   -0.895792
    1.938776   -4.591837   -0.963244
    1.938776   -4.387755   -0.996422
    1.938776   -4.183673   -0.994872
    1.938776   -3.979592   -0.959478
    1.938776   -3.775510   -0.892392
    1.938776   -3.571429   -0.796899
    1.938776   -3.367347   -0.677241
    1.938776   -3.163265   -0.538404
    1.938776   -2.959184   -0.385869
    1.938776   -2.755102   -0.225348
    1.938776   -2.551020   -0.062513
    1.938776   -2.346939    0.097268
    1.938776   -2.142857    0.249184
    1.938776   -1.938775    0.389188
    1.938776   -1.734694    0.514181
    1.938776   -1.530612    0.622119
    1.938776   -1.326530    0.712066
    1.938776   -1.122449    0.784158
    1.938776   -0.918367    0.839470
    1.938776   -0.714285    0.879792
    1.938776   -0.510204    0.907296
    1.938776   -0.306122    0.924148
    1.938776   -0.102041    0.932088
    1.938776    0.102041    0.932088
    1.938776    0.306123    0.924148
    1.938776    0.510204    0.907296
    1.938776    0.714286    0.879792
    1.938776    0.918367    0.839470
    1.938776    1.122449    0.784158
    1.938776    1.326531    0.712066
    1.938776    1.530612    0.622119
    1.938776    1.734694    0.514180
    1.938776    1.938776    0.389188
    1.938776    2.142858    0.249183
    1.938776    2.346939    0.097268
    1.938776    2.551021   -0.062513
    1.938776    2.755102   -0.225348
    1.938776    2.959184   -0.385869
    1.938776    3.163265   -0.538404
    1.938776    3.367347   -0.677241
    1.938776    3.571429   -0.796899
    1.938776    3.775511   -0.892392
    1.938776    3.979592   -0.959478
    1.938776    4.183674   -0.994872
    1.938776    4.387755   -0.996422
    1.938776    4.591837   -0.963244
    1.938776    4.795918   -0.895792
    1.938776    5.000000   -0.795879

    2.142858   -5.000000   -0.746873
    2.142858   -4.795918   -0.857460
    2.142858   -4.591837   -0.937702
    2.142858   -4.387755   -0.985472
    2.142858   -4.183673   -0.999930
    2.142858   -3.979592   -0.981520
    2.142858   -3.775510   -0.931909
    2.142858   -3.571429   -0.853869
    2.142858   -3.367347   -0.751119
    2.142858   -3.163265   -0.628133
    2.142858   -2.959184   -0.489906
    2.142858   -2.755102   -0.341714
    2.142858   -2.551020   -0.188864
    2.142858   -2.346939   -0.036443
    2.142858   -2.142857    0.110906
    2.142858   -1.938775    0.249183
    2.142858   -1.734694    0.375190
    2.142858   -1.530612    0.486630
    2.142858   -1.326530    0.582150
    2.142858   -1.122449    0.661305
    2.142858   -0.918367    0.724448
    2.142858   -0.714285    0.772534
    2.142858   -0.510204    0.806870
    2.142858   -0.306122    0.828811
    2.142858   -0.102041    0.839470
    2.142858    0.102041    0.839470
    2.142858    0.306123    0.828811
    2.142858    0.510204    0.806870
    2.142858    0.714286    0.772534
    2.142858    0.918367    0.724448
    2.142858    1.122449    0.661305
    2.142858    1.326531    0.582150
    2.142858    1.530612    0.486629
    2.142858    1.734694    0.375190
    2.142858    1.938776    0.249183
    2.142858    2.142858    0.110906
    2.142858    2.346939   -0.036443
    2.142858    2.551021   -0.188864
    2.142858    2.755102   -0.341715
    2.142858    2.959184   -0.489906
    2.142858    3.163265   -0.628133
    2.142858    3.367347   -0.751119
    2.142858    3.571429   -0.853869
    2.142858    3.775511   -0.931909
    2.142858    3.979592   -0.981521
    2.142858    4.183674   -0.999930
    2.142858    4.387755   -0.985472
    2.142858    4.591837   -0.937702
    2.142858    4.795918   -0.857460
    2.142858    5.000000   -0.746873

    2.346939   -5.000000   -0.688754
    2.346939   -4.795918   -0.809798
    2.346939   -4.591837   -0.902843
    2.346939   -4.387755   -0.965457
    2.346939   -4.183673   -0.996422
    2.346939   -3.979592   -0.995744
    2.346939   -3.775510   -0.964600
    2.346939   -3.571429   -0.905245
    2.346939   -3.367347   -0.820871
    2.346939   -3.163265   -0.715428
    2.346939   -2.959184   -0.593416
    2.346939   -2.755102   -0.459668
    2.346939   -2.551020   -0.319112
    2.346939   -2.346939   -0.176550
    2.346939   -2.142857   -0.036443
    2.346939   -1.938775    0.097268
    2.346939   -1.734694    0.221306
    2.346939   -1.530612    0.333155
    2.346939   -1.326530    0.431095
    2.346939   -1.122449    0.514180
    2.346939   -0.918367    0.582150
    2.346939   -0.714285    0.635275
    2.346939   -0.510204    0.674167
    2.346939   -0.306122    0.699554
    2.346939   -0.102041    0.712066
    2.346939    0.102041    0.712066
    2.346939    0.306123    0.699554
    2.346939    0.510204    0.674167
    2.346939    0.714286    0.635275
    2.346939    0.918367    0.582150
    2.346939    1.122449    0.514180
    2.346939    1.326531    0.431095
    2.346939    1.530612    0.333154
    2.346939    1.734694    0.221306
    2.346939    1.938776    0.097268
    2.346939    2.142858   -0.036443
    2.346939    2.346939   -0.176550
    2.346939    2.551021   -0.319113
    2.346939    2.755102   -0.459668
    2.346939    2.959184   -0.593417
    2.346939    3.163265   -0.715428
    2.346939    3.367347   -0.820871
    2.346939    3.571429   -0.905246
    2.346939    3.775511   -0.964600
    2.346939    3.979592   -0.995744
    2.346939    4.183674   -0.996422
    2.346939    4.387755   -0.965457
    2.346939    4.591837   -0.902843
    2.346939    4.795918   -0.809798
    2.346939    5.000000   -0.688754

    2.551021   -5.000000   -0.620996
    2.551021   -4.795918   -0.751946
    2.551021   -4.591837   -0.857460
    2.551021   -4.387755   -0.934817
    2.551021   -4.183673   -0.982437
    2.551021   -3.979592   -0.999893
    2.551021   -3.775510   -0.987882
    2.551021   -3.571429   -0.948145
    2.551021   -3.367347   -0.883343
    2.551021   -3.163265   -0.796899
    2.551021   -2.959184   -0.692815
    2.551021   -2.755102   -0.575468
    2.551021   -2.551020   -0.449401
    2.551021   -2.346939   -0.319112
    2.551021   -2.142857   -0.188864
    2.551021   -1.938775   -0.062513
    2.551021   -1.734694    0.056620
    2.551021   -1.530612    0.165847
    2.551021   -1.326530    0.263150
    2.551021   -1.122449    0.347170
    2.551021   -0.918367    0.417144
    2.551021   -0.714285    0.472794
    2.551021   -0.510204    0.514180
    2.551021   -0.306122    0.541542
    2.551021   -0.102041    0.555141
    2.551021    0.102041    0.555141
    2.551021    0.306123    0.541542
    2.551021    0.510204    0.514180
    2.551021    0.714286    0.472794
    2.551021    0.918367    0.417144
    2.551021    1.122449    0.347170
    2.551021    1.326531    0.263150
    2.551021    1.530612    0.165847
    2.551021    1.734694    0.056620
    2.551021    1.938776   -0.062513
    2.551021    2.142858   -0.188864
    2.551021    2.346939   -0.319113
    2.551021    2.551021   -0.449402
    2.551021    2.755102   -0.575469
    2.551021    2.959184   -0.692815
    2.551021    3.163265   -0.796899
    2.551021    3.367347   -0.883343
    2.551021    3.571429   -0.948146
    2.551021    3.775511   -0.987882
    2.551021    3.979592   -0.999893
    2.551021    4.183674   -0.982437
    2.551021    4.387755   -0.934817
    2.551021    4.591837   -0.857460
    2.551021    4.795918   -0.751946
    2.551021    5.000000   -0.620996

    2.755102   -5.000000   -0.543305
    2.755102   -4.795918   -0.683272
    2.755102   -4.591837   -0.800560
    2.755102   -4.387755   -0.892187
    2.755102   -4.183673   -0.956227
    2.755102   -3.979592   -0.991841
    2.755102   -3.775510   -0.999258
    2.755102   -3.571429   -0.979714
    2.755102   -3.367347   -0.935342
    2.755102   -3.163265   -0.869043
    2.755102   -2.959184   -0.784317
    2.755102   -2.755102   -0.685077
    2.755102   -2.551020   -0.575468
    2.755102   -2.346939   -0.459668
    2.755102   -2.142857   -0.341714
    2.755102   -1.938775   -0.225348
    2.755102   -1.734694   -0.113886
    2.755102   -1.530612   -0.010131
    2.755102   -1.326530    0.083673
    2.755102   -1.122449    0.165847
    2.755102   -0.918367    0.235235
    2.755102   -0.714285    0.291126
    2.755102   -0.510204    0.333155
    2.755102   -0.306122    0.361183
    2.755102   -0.102041    0.375190
    2.755102    0.102041    0.375190
    2.755102    0.306123    0.361183
    2.755102    0.510204    0.333155
    2.755102    0.714286    0.291126
    2.755102    0.918367    0.235235
    2.755102    1.122449    0.165847
    2.755102    1.326531    0.083673
    2.755102    1.530612   -0.010131
    2.755102    1.734694   -0.113886
    2.755102    1.938776   -0.225348
    2.755102    2.142858   -0.341715
    2.755102    2.346939   -0.459668
    2.755102    2.551021   -0.575469
    2.755102    2.755102   -0.685078
    2.755102    2.959184   -0.784317
    2.755102    3.163265   -0.869043
    2.755102    3.367347   -0.935342
    2.755102    3.571429   -0.979714
    2.755102    3.775511   -0.999258
    2.755102    3.979592   -0.991841
    2.755102    4.183674   -0.956226
    2.755102    4.387755   -0.892187
    2.755102    4.591837   -0.800560
    2.755102    4.795918   -0.683272
    2.755102    5.000000   -0.543305

    2.959184   -5.000000   -0.455673
    2.959184   -4.795918   -0.603431
    2.959184   -4.591837   -0.731437
    2.959184   -4.387755   -0.836474
    2.959184   -4.183673   -0.916301
    2.959184   -3.979592   -0.969690
    2.959184   -3.775510   -0.996422
    2.959184   -3.571429   -0.997241
    2.959184   -3.367347   -0.973768
    2.959184   -3.163265   -0.928383
    2.959184   -2.959184   -0.864083
    2.959184   -2.755102   -0.784317
    2.959184   -2.551020   -0.692815
    2.959184   -2.346939   -0.593416
    2.959184   -2.142857   -0.489906
    2.959184   -1.938775   -0.385869
    2.959184   -1.734694   -0.284570
    2.959184   -1.530612   -0.188864
    2.959184   -1.326530   -0.101142
    2.959184   -1.122449   -0.023317
    2.959184   -0.918367    0.043165
    2.959184   -0.714285    0.097268
    2.959184   -0.510204    0.138303
    2.959184   -0.306122    0.165847
    2.959184   -0.102041    0.179669
    2.959184    0.102041    0.179669
    2.959184    0.306123    0.165847
    2.959184    0.510204    0.138303
    2.959184    0.714286    0.097268
    2.959184    0.918367    0.043165
    2.959184    1.122449   -0.023317
    2.959184    1.326531   -0.101143
    2.959184    1.530612   -0.188864
    2.959184    1.734694   -0.284570
    2.959184    1.938776   -0.385869
    2.959184    2.142858   -0.489906
    2.959184    2.346939   -0.593417
    2.959184    2.551021   -0.692815
    2.959184    2.755102   -0.784317
    2.959184    2.959184   -0.864083
    2.959184    3.163265   -0.928383
    2.959184    3.367347   -0.973768
    2.959184    3.571429   -0.997241
    2.959184    3.775511   -0.996422
    2.959184    3.979592   -0.969690
    2.959184    4.183674   -0.916301
    2.959184    4.387755   -0.836474
    2.959184    4.591837   -0.731437
    2.959184    4.795918   -0.603431
    2.959184    5.000000   -0.455673

    3.163265   -5.000000   -0.358422
    3.163265   -4.795918   -0.512425
    3.163265   -4.591837   -0.649735
    3.163265   -4.387755   -0.766940
    3.163265   -4.183673   -0.861516
    3.163265   -3.979592   -0.931874
    3.163265   -3.775510   -0.977374
    3.163265   -3.571429   -0.998290
    3.163265   -3.367347   -0.995744
    3.163265   -3.163265   -0.971609
    3.163265   -2.959184   -0.928383
    3.163265   -2.755102   -0.869043
    3.163265   -2.551020   -0.796899
    3.163265   -2.346939   -0.715427
    3.163265   -2.142857   -0.628133
    3.163265   -1.938775   -0.538404
    3.163265   -1.734694   -0.449401
    3.163265   -1.530612   -0.363968
    3.163265   -1.326530   -0.284570
    3.163265   -1.122449   -0.213264
    3.163265   -0.918367   -0.151699
    3.163265   -0.714285   -0.101142
    3.163265   -0.510204   -0.062513
    3.163265   -0.306122   -0.036442
    3.163265   -0.102041   -0.023316
    3.163265    0.102041   -0.023316
    3.163265    0.306123   -0.036442
    3.163265    0.510204   -0.062513
    3.163265    0.714286   -0.101142
    3.163265    0.918367   -0.151699
    3.163265    1.122449   -0.213264
    3.163265    1.326531   -0.284570
    3.163265    1.530612   -0.363968
    3.163265    1.734694   -0.449401
    3.163265    1.938776   -0.538404
    3.163265    2.142858   -0.628133
    3.163265    2.346939   -0.715428
    3.163265    2.551021   -0.796899
    3.163265    2.755102   -0.869043
    3.163265    2.959184   -0.928383
    3.163265    3.163265   -0.971609
    3.163265    3.367347   -0.995744
    3.163265    3.571429   -0.998290
    3.163265    3.775511   -0.977374
    3.163265    3.979592   -0.931874
    3.163265    4.183674   -0.861516
    3.163265    4.387755   -0.766940
    3.163265    4.591837   -0.649735
    3.163265    4.795918   -0.512425
    3.163265    5.000000   -0.358422

    3.367347   -5.000000   -0.252245
    3.367347   -4.795918   -0.410647
    3.367347   -4.591837   -0.555512
    3.367347   -4.387755   -0.683272
    3.367347   -4.183673   -0.791156
    3.367347   -3.979592   -0.877252
    3.367347   -3.775510   -0.940529
    3.367347   -3.571429   -0.980817
    3.367347   -3.367347   -0.998762
    3.367347   -3.163265   -0.995744
    3.367347   -2.959184   -0.973768
    3.367347   -2.755102   -0.935342
    3.367347   -2.551020   -0.883343
    3.367347   -2.346939   -0.820871
    3.367347   -2.142857   -0.751119
    3.367347   -1.938775   -0.677240
    3.367347   -1.734694   -0.602243
    3.367347   -1.530612   -0.528896
    3.367347   -1.326530   -0.459668
    3.367347   -1.122449   -0.396685
    3.367347   -0.918367   -0.341714
    3.367347   -0.714285   -0.296168
    3.367347   -0.510204   -0.261124
    3.367347   -0.306122   -0.237353
    3.367347   -0.102041   -0.225348
    3.367347    0.102041   -0.225348
    3.367347    0.306123   -0.237353
    3.367347    0.510204   -0.261124
    3.367347    0.714286   -0.296168
    3.367347    0.918367   -0.341714
    3.367347    1.122449   -0.396685
    3.367347    1.326531   -0.459668
    3.367347    1.530612   -0.528896
    3.367347    1.734694   -0.602243
    3.367347    1.938776   -0.677241
    3.367347    2.142858   -0.751119
    3.367347    2.346939   -0.820871
    3.367347    2.551021   -0.883343
    3.367347    2.755102   -0.935342
    3.367347    2.959184   -0.973768
    3.367347    3.163265   -0.995744
    3.367347    3.367347   -0.998762
    3.367347    3.571429   -0.980817
    3.367347    3.775511   -0.940529
    3.367347    3.979592   -0.877252
    3.367347    4.183674   -0.791156
    3.367347    4.387755   -0.683272
    3.367347    4.591837   -0.555512
    3.367347    4.795918   -0.410647
    3.367347    5.000000   -0.252245

    3.571429   -5.000000   -0.138223
    3.571429   -4.795918   -0.298918
    3.571429   -4.591837   -0.449284
    3.571429   -4.387755   -0.585639
    3.571429   -4.183673   -0.705010
    3.571429   -3.979592   -0.805200
    3.571429   -3.775510   -0.884821
    3.571429   -3.571429   -0.943296
    3.571429   -3.367347   -0.980817
    3.571429   -3.163265   -0.998290
    3.571429   -2.959184   -0.997241
    3.571429   -2.755102   -0.979714
    3.571429   -2.551020   -0.948145
    3.571429   -2.346939   -0.905245
    3.571429   -2.142857   -0.853869
    3.571429   -1.938775   -0.796899
    3.571429   -1.734694   -0.737142
    3.571429   -1.530612   -0.677241
    3.571429   -1.326530   -0.619602
    3.571429   -1.122449   -0.566348
    3.571429   -0.918367   -0.519292
    3.571429   -0.714285   -0.479921
    3.571429   -0.510204   -0.449402
    3.571429   -0.306122   -0.428591
    3.571429   -0.102041   -0.418047
    3.571429    0.102041   -0.418047
    3.571429    0.306123   -0.428591
    3.571429    0.510204   -0.449402
    3.571429    0.714286   -0.479921
    3.571429    0.918367   -0.519292
    3.571429    1.122449   -0.566348
    3.571429    1.326531   -0.619602
    3.571429    1.530612   -0.677241
    3.571429    1.734694   -0.737142
    3.571429    1.938776   -0.796899
    3.571429    2.142858   -0.853869
    3.571429    2.346939   -0.905246
    3.571429    2.551021   -0.948146
    3.571429    2.755102   -0.979714
    3.571429    2.959184   -0.997241
    3.571429    3.163265   -0.998290
    3.571429    3.367347   -0.980817
    3.571429    3.571429   -0.943295
    3.571429    3.775511   -0.884821
    3.571429    3.979592   -0.805200
    3.571429    4.183674   -0.705010
    3.571429    4.387755   -0.585639
    3.571429    4.591837   -0.449284
    3.571429    4.795918   -0.298918
    3.571429    5.000000   -0.138223

    3.775511   -5.000000   -0.017845
    3.775511   -4.795918   -0.178510
    3.775511   -4.591837   -0.332059
    3.775511   -4.387755   -0.474744
    3.775511   -4.183673   -0.603431
    3.775511   -3.979592   -0.715683
    3.775511   -3.775510   -0.809798
    3.775511   -3.571429   -0.884822
    3.775511   -3.367347   -0.940529
    3.775511   -3.163265   -0.977374
    3.775511   -2.959184   -0.996422
    3.775511   -2.755102   -0.999258
    3.775511   -2.551020   -0.987882
    3.775511   -2.346939   -0.964600
    3.775511   -2.142857   -0.931909
    3.775511   -1.938775   -0.892392
    3.775511   -1.734694   -0.848615
    3.775511   -1.530612   -0.803041
    3.775511   -1.326530   -0.757958
    3.775511   -1.122449   -0.715428
    3.775511   -0.918367   -0.677241
    3.775511   -0.714285   -0.644899
    3.775511   -0.510204   -0.619602
    3.775511   -0.306122   -0.602243
    3.775511   -0.102041   -0.593416
    3.775511    0.102041   -0.593416
    3.775511    0.306123   -0.602243
    3.775511    0.510204   -0.619602
    3.775511    0.714286   -0.644899
    3.775511    0.918367   -0.677241
    3.775511    1.122449   -0.715428
    3.775511    1.326531   -0.757959
    3.775511    1.530612   -0.803041
    3.775511    1.734694   -0.848615
    3.775511    1.938776   -0.892392
    3.775511    2.142858   -0.931909
    3.775511    2.346939   -0.964600
    3.775511    2.551021   -0.987882
    3.775511    2.755102   -0.999258
    3.775511    2.959184   -0.996422
    3.775511    3.163265   -0.977374
    3.775511    3.367347   -0.940529
    3.775511    3.571429   -0.884821
    3.775511    3.775511   -0.809798
    3.775511    3.979592   -0.715683
    3.775511    4.183674   -0.603431
    3.775511    4.387755   -0.474744
    3.775511    4.591837   -0.332059
    3.775511    4.795918   -0.178510
    3.775511    5.000000   -0.017845

    3.979592   -5.000000    0.107005
    3.979592   -4.795918   -0.051150
    3.979592   -4.591837   -0.205356
    3.979592   -4.387755   -0.351846
    3.979592   -4.183673   -0.487375
    3.979592   -3.979592   -0.609312
    3.979592   -3.775510   -0.715683
    3.979592   -3.571429   -0.805200
    3.979592   -3.367347   -0.877252
    3.979592   -3.163265   -0.931874
    3.979592   -2.959184   -0.969690
    3.979592   -2.755102   -0.991841
    3.979592   -2.551020   -0.999893
    3.979592   -2.346939   -0.995744
    3.979592   -2.142857   -0.981520
    3.979592   -1.938775   -0.959478
    3.979592   -1.734694   -0.931909
    3.979592   -1.530612   -0.901057
    3.979592   -1.326530   -0.869044
    3.979592   -1.122449   -0.837813
    3.979592   -0.918367   -0.809083
    3.979592   -0.714285   -0.784317
    3.979592   -0.510204   -0.764698
    3.979592   -0.306122   -0.751120
    3.979592   -0.102041   -0.744181
    3.979592    0.102041   -0.744181
    3.979592    0.306123   -0.751120
    3.979592    0.510204   -0.764698
    3.979592    0.714286   -0.784317
    3.979592    0.918367   -0.809083
    3.979592    1.122449   -0.837813
    3.979592    1.326531   -0.869044
    3.979592    1.530612   -0.901057
    3.979592    1.734694   -0.931909
    3.979592    1.938776   -0.959478
    3.979592    2.142858   -0.981521
    3.979592    2.346939   -0.995744
    3.979592    2.551021   -0.999893
    3.979592    2.755102   -0.991841
    3.979592    2.959184   -0.969690
    3.979592    3.163265   -0.931874
    3.979592    3.367347   -0.877252
    3.979592    3.571429   -0.805200
    3.979592    3.775511   -0.715683
    3.979592    3.979592   -0.609311
    3.979592    4.183674   -0.487375
    3.979592    4.387755   -0.351845
    3.979592    4.591837   -0.205356
    3.979592    4.795918   -0.051150
    3.979592    5.000000    0.107005

    4.183674   -5.000000    0.234065
    4.183674   -4.795918    0.080998
    4.183674   -4.591837   -0.071193
    4.183674   -4.387755   -0.218769
    4.183674   -4.183673   -0.358422
    4.183674   -3.979592   -0.487375
    4.183674   -3.775510   -0.603431
    4.183674   -3.571429   -0.705010
    4.183674   -3.367347   -0.791156
    4.183674   -3.163265   -0.861516
    4.183674   -2.959184   -0.916301
    4.183674   -2.755102   -0.956227
    4.183674   -2.551020   -0.982437
    4.183674   -2.346939   -0.996422
    4.183674   -2.142857   -0.999930
    4.183674   -1.938775   -0.994872
    4.183674   -1.734694   -0.983240
    4.183674   -1.530612   -0.967026
    4.183674   -1.326530   -0.948145
    4.183674   -1.122449   -0.928383
    4.183674   -0.918367   -0.909339
    4.183674   -0.714285   -0.892392
    4.183674   -0.510204   -0.878673
    4.183674   -0.306122   -0.869043
    4.183674   -0.102041   -0.864083
    4.183674    0.102041   -0.864083
    4.183674    0.306123   -0.869044
    4.183674    0.510204   -0.878673
    4.183674    0.714286   -0.892392
    4.183674    0.918367   -0.909339
    4.183674    1.122449   -0.928383
    4.183674    1.326531   -0.948145
    4.183674    1.530612   -0.967026
    4.183674    1.734694   -0.983240
    4.183674    1.938776   -0.994872
    4.183674    2.142858   -0.999930
    4.183674    2.346939   -0.996422
    4.183674    2.551021   -0.982437
    4.183674    2.755102   -0.956226
    4.183674    2.959184   -0.916301
    4.183674    3.163265   -0.861516
    4.183674    3.367347   -0.791156
    4.183674    3.571429   -0.705010
    4.183674    3.775511   -0.603431
    4.183674    3.979592   -0.487375
    4.183674    4.183674   -0.358422
    4.183674    4.387755   -0.218768
    4.183674    4.591837   -0.071193
    4.183674    4.795918    0.080998
    4.183674    5.000000    0.234065

    4.387755   -5.000000    0.360741
    4.387755   -4.795918    0.215363
    4.387755   -4.591837    0.067932
    4.387755   -4.387755   -0.077883
    4.387755   -4.183673   -0.218769
    4.387755   -3.979592   -0.351846
    4.387755   -3.775510   -0.474744
    4.387755   -3.571429   -0.585639
    4.387755   -3.367347   -0.683272
    4.387755   -3.163265   -0.766940
    4.387755   -2.959184   -0.836474
    4.387755   -2.755102   -0.892187
    4.387755   -2.551020   -0.934817
    4.387755   -2.346939   -0.965457
    4.387755   -2.142857   -0.985472
    4.387755   -1.938775   -0.996422
    4.387755   -1.734694   -0.999983
    4.387755   -1.530612   -0.997867
    4.387755   -1.326530   -0.991756
    4.387755   -1.122449   -0.983240
    4.387755   -0.918367   -0.973768
    4.387755   -0.714285   -0.964600
    4.387755   -0.510204   -0.956782
    4.387755   -0.306122   -0.951116
    4.387755   -0.102041   -0.948145
    4.387755    0.102041   -0.948145
    4.387755    0.306123   -0.951116
    4.387755    0.510204   -0.956782
    4.387755    0.714286   -0.964600
    4.387755    0.918367   -0.973768
    4.387755    1.122449   -0.983240
    4.387755    1.326531   -0.991756
    4.387755    1.530612   -0.997867
    4.387755    1.734694   -0.999983
    4.387755    1.938776   -0.996422
    4.387755    2.142858   -0.985472
    4.387755    2.346939   -0.965457
    4.387755    2.551021   -0.934817
    4.387755    2.755102   -0.892187
    4.387755    2.959184   -0.836474
    4.387755    3.163265   -0.766940
    4.387755    3.367347   -0.683272
    4.387755    3.571429   -0.585639
    4.387755    3.775511   -0.474744
    4.387755    3.979592   -0.351845
    4.387755    4.183674   -0.218768
    4.387755    4.387755   -0.077883
    4.387755    4.591837    0.067932
    4.387755    4.795918    0.215363
    4.387755    5.000000    0.360741

    4.591837   -5.000000    0.484162
    4.591837   -4.795918    0.349023
    4.591837   -4.591837    0.209099
    4.591837   -4.387755    0.067932
    4.591837   -4.183673   -0.071194
    4.591837   -3.979592   -0.205356
    4.591837   -3.775510   -0.332059
    4.591837   -3.571429   -0.449284
    4.591837   -3.367347   -0.555512
    4.591837   -3.163265   -0.649735
    4.591837   -2.959184   -0.731437
    4.591837   -2.755102   -0.800560
    4.591837   -2.551020   -0.857460
    4.591837   -2.346939   -0.902843
    4.591837   -2.142857   -0.937702
    4.591837   -1.938775   -0.963244
    4.591837   -1.734694   -0.980817
    4.591837   -1.530612   -0.991841
    4.591837   -1.326530   -0.997742
    4.591837   -1.122449   -0.999893
    4.591837   -0.918367   -0.999561
    4.591837   -0.714285   -0.997867
    4.591837   -0.510204   -0.995744
    4.591837   -0.306122   -0.993917
    4.591837   -0.102041   -0.992878
    4.591837    0.102041   -0.992878
    4.591837    0.306123   -0.993917
    4.591837    0.510204   -0.995744
    4.591837    0.714286   -0.997867
    4.591837    0.918367   -0.999561
    4.591837    1.122449   -0.999893
    4.591837    1.326531   -0.997742
    4.591837    1.530612   -0.991841
    4.591837    1.734694   -0.980817
    4.591837    1.938776   -0.963244
    4.591837    2.142858   -0.937702
    4.591837    2.346939   -0.902843
    4.591837    2.551021   -0.857460
    4.591837    2.755102   -0.800560
    4.591837    2.959184   -0.731437
    4.591837    3.163265   -0.649735
    4.591837    3.367347   -0.555512
    4.591837    3.571429   -0.449284
    4.591837    3.775511   -0.332059
    4.591837    3.979592   -0.205356
    4.591837    4.183674   -0.071193
    4.591837    4.387755    0.067932
    4.591837    4.591837    0.209099
    4.591837    4.795918    0.349023
    4.591837    5.000000    0.484162

    4.795918   -5.000000    0.601261
    4.795918   -4.795918    0.478783
    4.795918   -4.591837    0.349023
    4.795918   -4.387755    0.215363
    4.795918   -4.183673    0.080998
    4.795918   -3.979592   -0.051150
    4.795918   -3.775510   -0.178510
    4.795918   -3.571429   -0.298918
    4.795918   -3.367347   -0.410647
    4.795918   -3.163265   -0.512425
    4.795918   -2.959184   -0.603431
    4.795918   -2.755102   -0.683272
    4.795918   -2.551020   -0.751946
    4.795918   -2.346939   -0.809798
    4.795918   -2.142857   -0.857460
    4.795918   -1.938775   -0.895792
    4.795918   -1.734694   -0.925815
    4.795918   -1.530612   -0.948650
    4.795918   -1.326530   -0.965457
    4.795918   -1.122449   -0.977374
    4.795918   -0.918367   -0.985472
    4.795918   -0.714285   -0.990708
    4.795918   -0.510204   -0.993891
    4.795918   -0.306122   -0.995652
    4.795918   -0.102041   -0.996422
    4.795918    0.102041   -0.996422
    4.795918    0.306123   -0.995652
    4.795918    0.510204   -0.993891
    4.795918    0.714286   -0.990708
    4.795918    0.918367   -0.985472
    4.795918    1.122449   -0.977374
    4.795918    1.326531   -0.965457
    4.795918    1.530612   -0.948650
    4.795918    1.734694   -0.925815
    4.795918    1.938776   -0.895792
    4.795918    2.142858   -0.857460
    4.795918    2.346939   -0.809798
    4.795918    2.551021   -0.751946
    4.795918    2.755102   -0.683272
    4.795918    2.959184   -0.603431
    4.795918    3.163265   -0.512425
    4.795918    3.367347   -0.410647
    4.795918    3.571429   -0.298918
    4.795918    3.775511   -0.178510
    4.795918    3.979592   -0.051150
    4.795918    4.183674    0.080998
    4.795918    4.387755    0.215363
    4.795918    4.591837    0.349023
    4.795918    4.795918    0.478783
    4.795918    5.000000    0.601261

    5.000000   -5.000000    0.708861
    5.000000   -4.795918    0.601261
    5.000000   -4.591837    0.484162
    5.000000   -4.387755    0.360741
    5.000000   -4.183673    0.234065
    5.000000   -3.979592    0.107005
    5.000000   -3.775510   -0.017845
    5.000000   -3.571429   -0.138223
    5.000000   -3.367347   -0.252245
    5.000000   -3.163265   -0.358422
    5.000000   -2.959184   -0.455673
    5.000000   -2.755102   -0.543305
    5.000000   -2.551020   -0.620996
    5.000000   -2.346939   -0.688754
    5.000000   -2.142857   -0.746873
    5.000000   -1.938775   -0.795879
    5.000000   -1.734694   -0.836474
    5.000000   -1.530612   -0.869483
    5.000000   -1.326530   -0.895792
    5.000000   -1.122449   -0.916301
    5.000000   -0.918367   -0.931874
    5.000000   -0.714285   -0.943296
    5.000000   -0.510204   -0.951237
    5.000000   -0.306122   -0.956227
    5.000000   -0.102041   -0.958628
    5.000000    0.102041   -0.958628
    5.000000    0.306123   -0.956227
    5.000000    0.510204   -0.951237
    5.000000    0.714286   -0.943296
    5.000000    0.918367   -0.931874
    5.000000    1.122449   -0.916301
    5.000000    1.326531   -0.895792
    5.000000    1.530612   -0.869482
    5.000000    1.734694   -0.836474
    5.000000    1.938776   -0.795879
    5.000000    2.142858   -0.746873
    5.000000    2.346939   -0.688754
    5.000000    2.551021   -0.620996
    5.000000    2.755102   -0.543305
    5.000000    2.959184   -0.455673
    5.000000    3.163265   -0.358422
    5.000000    3.367347   -0.252245
    5.000000    3.571429   -0.138223
    5.000000    3.775511   -0.017845
    5.000000    3.979592    0.107005
    5.000000    4.183674    0.234065
    5.000000    4.387755    0.360741
    5.000000    4.591837    0.484162
    5.000000    4.795918    0.601261
    5.000000    5.000000    0.708861

