 # x t u
       0.000000       0.000000       0.000000
       0.010000       0.000000       0.000000
       0.020000       0.000000       0.000000
       0.030000       0.000000       0.000000
       0.040000       0.000000       0.000000
       0.050000       0.000000       0.000000
       0.060000       0.000000       0.000000
       0.070000       0.000000       0.000000
       0.080000       0.000000       0.000000
       0.090000       0.000000       0.000000
       0.100000       0.000000       0.000000
       0.110000       0.000000       0.000000
       0.120000       0.000000       0.000000
       0.130000       0.000000       0.000000
       0.140000       0.000000       0.000000
       0.150000       0.000000       0.000000
       0.160000       0.000000       0.000000
       0.170000       0.000000       0.000000
       0.180000       0.000000       0.000000
       0.190000       0.000000       0.000001
       0.200000       0.000000       0.000001
       0.210000       0.000000       0.000002
       0.220000       0.000000       0.000003
       0.230000       0.000000       0.000005
       0.240000       0.000000       0.000009
       0.250000       0.000000       0.000015
       0.260000       0.000000       0.000024
       0.270000       0.000000       0.000037
       0.280000       0.000000       0.000058
       0.290000       0.000000       0.000088
       0.300000       0.000000       0.000132
       0.310000       0.000000       0.000195
       0.320000       0.000000       0.000285
       0.330000       0.000000       0.000413
       0.340000       0.000000       0.000590
       0.350000       0.000000       0.000834
       0.360000       0.000000       0.001169
       0.370000       0.000000       0.001622
       0.380000       0.000000       0.002230
       0.390000       0.000000       0.003039
       0.400000       0.000000       0.004108
       0.410000       0.000000       0.005509
       0.420000       0.000000       0.007332
       0.430000       0.000000       0.009686
       0.440000       0.000000       0.012703
       0.450000       0.000000       0.016544
       0.460000       0.000000       0.021399
       0.470000       0.000000       0.027494
       0.480000       0.000000       0.035090
       0.490000       0.000000       0.044492
       0.500000       0.000000       0.056043
       0.510000       0.000000       0.070131
       0.520000       0.000000       0.087181
       0.530000       0.000000       0.107655
       0.540000       0.000000       0.132033
       0.550000       0.000000       0.160806
       0.560000       0.000000       0.194447
       0.570000       0.000000       0.233385
       0.580000       0.000000       0.277958
       0.590000       0.000000       0.328372
       0.600000       0.000000       0.384631
       0.610000       0.000000       0.446475
       0.620000       0.000000       0.513301
       0.630000       0.000000       0.584087
       0.640000       0.000000       0.657317
       0.650000       0.000000       0.730924
       0.660000       0.000000       0.802260
       0.670000       0.000000       0.868108
       0.680000       0.000000       0.924761
       0.690000       0.000000       0.968173
       0.700000       0.000000       0.994209
       0.710000       0.000000       0.998997
       0.720000       0.000000       0.979374
       0.730000       0.000000       0.933410
       0.740000       0.000000       0.860945
       0.750000       0.000000       0.764078
       0.760000       0.000000       0.647479
       0.770000       0.000000       0.518416
       0.780000       0.000000       0.386339
       0.790000       0.000000       0.261944
       0.800000       0.000000       0.155675
       0.810000       0.000000       0.075752
       0.820000       0.000000       0.026016
       0.830000       0.000000       0.004021
       0.840000       0.000000       0.000002
       0.850000       0.000000       0.002618
       0.860000       0.000000       0.024664
       0.870000       0.000000       0.086457
       0.880000       0.000000       0.201473
       0.890000       0.000000       0.369817
       0.900000       0.000000       0.573744
       0.910000       0.000000       0.777711
       0.920000       0.000000       0.934835
       0.930000       0.000000       0.999775
       0.940000       0.000000       0.945216
       0.950000       0.000000       0.776107
       0.960000       0.000000       0.534248
       0.970000       0.000000       0.287405
       0.980000       0.000000       0.102939
       0.990000       0.000000       0.014717
       1.000000       0.000000       0.000000
 
       0.000000       0.040000       0.999040
       0.010000       0.040000       0.946531
       0.020000       0.040000       0.829323
       0.030000       0.040000       0.672903
       0.040000       0.040000       0.510667
       0.050000       0.040000       0.366492
       0.060000       0.040000       0.251220
       0.070000       0.040000       0.165921
       0.080000       0.040000       0.106448
       0.090000       0.040000       0.066909
       0.100000       0.040000       0.041642
       0.110000       0.040000       0.026040
       0.120000       0.040000       0.016706
       0.130000       0.040000       0.011299
       0.140000       0.040000       0.008279
       0.150000       0.040000       0.006677
       0.160000       0.040000       0.005898
       0.170000       0.040000       0.005586
       0.180000       0.040000       0.005534
       0.190000       0.040000       0.005624
       0.200000       0.040000       0.005787
       0.210000       0.040000       0.005988
       0.220000       0.040000       0.006204
       0.230000       0.040000       0.006426
       0.240000       0.040000       0.006647
       0.250000       0.040000       0.006864
       0.260000       0.040000       0.007076
       0.270000       0.040000       0.007283
       0.280000       0.040000       0.007485
       0.290000       0.040000       0.007681
       0.300000       0.040000       0.007875
       0.310000       0.040000       0.008068
       0.320000       0.040000       0.008262
       0.330000       0.040000       0.008462
       0.340000       0.040000       0.008673
       0.350000       0.040000       0.008901
       0.360000       0.040000       0.009156
       0.370000       0.040000       0.009451
       0.380000       0.040000       0.009801
       0.390000       0.040000       0.010226
       0.400000       0.040000       0.010755
       0.410000       0.040000       0.011419
       0.420000       0.040000       0.012261
       0.430000       0.040000       0.013336
       0.440000       0.040000       0.014708
       0.450000       0.040000       0.016459
       0.460000       0.040000       0.018688
       0.470000       0.040000       0.021517
       0.480000       0.040000       0.025089
       0.490000       0.040000       0.029578
       0.500000       0.040000       0.035184
       0.510000       0.040000       0.042146
       0.520000       0.040000       0.050735
       0.530000       0.040000       0.061260
       0.540000       0.040000       0.074067
       0.550000       0.040000       0.089537
       0.560000       0.040000       0.108079
       0.570000       0.040000       0.130122
       0.580000       0.040000       0.156101
       0.590000       0.040000       0.186435
       0.600000       0.040000       0.221506
       0.610000       0.040000       0.261615
       0.620000       0.040000       0.306949
       0.630000       0.040000       0.357524
       0.640000       0.040000       0.413130
       0.650000       0.040000       0.473270
       0.660000       0.040000       0.537094
       0.670000       0.040000       0.603345
       0.680000       0.040000       0.670314
       0.690000       0.040000       0.735820
       0.700000       0.040000       0.797228
       0.710000       0.040000       0.851514
       0.720000       0.040000       0.895396
       0.730000       0.040000       0.925527
       0.740000       0.040000       0.938776
       0.750000       0.040000       0.932561
       0.760000       0.040000       0.905228
       0.770000       0.040000       0.856439
       0.780000       0.040000       0.787489
       0.790000       0.040000       0.701490
       0.800000       0.040000       0.603334
       0.810000       0.040000       0.499354
       0.820000       0.040000       0.396635
       0.830000       0.040000       0.301993
       0.840000       0.040000       0.220727
       0.850000       0.040000       0.155610
       0.860000       0.040000       0.107731
       0.870000       0.040000       0.078552
       0.880000       0.040000       0.071402
       0.890000       0.040000       0.091304
       0.900000       0.040000       0.143025
       0.910000       0.040000       0.228008
       0.920000       0.040000       0.341355
       0.930000       0.040000       0.470186
       0.940000       0.040000       0.594540
       0.950000       0.040000       0.691257
       0.960000       0.040000       0.740192
       0.970000       0.040000       0.730810
       0.980000       0.040000       0.666399
       0.990000       0.040000       0.563356
       1.000000       0.040000       0.444695
 
       0.000000       0.080000       0.996167
       0.010000       0.080000       0.994251
       0.020000       0.080000       0.982662
       0.030000       0.080000       0.953067
       0.040000       0.080000       0.899782
       0.050000       0.080000       0.822432
       0.060000       0.080000       0.725962
       0.070000       0.080000       0.618667
       0.080000       0.080000       0.509640
       0.090000       0.080000       0.406694
       0.100000       0.080000       0.315249
       0.110000       0.080000       0.238122
       0.120000       0.080000       0.175912
       0.130000       0.080000       0.127658
       0.140000       0.080000       0.091511
       0.150000       0.080000       0.065274
       0.160000       0.080000       0.046780
       0.170000       0.080000       0.034106
       0.180000       0.080000       0.025664
       0.190000       0.080000       0.020211
       0.200000       0.080000       0.016817
       0.210000       0.080000       0.014807
       0.220000       0.080000       0.013707
       0.230000       0.080000       0.013194
       0.240000       0.080000       0.013050
       0.250000       0.080000       0.013134
       0.260000       0.080000       0.013353
       0.270000       0.080000       0.013650
       0.280000       0.080000       0.013988
       0.290000       0.080000       0.014345
       0.300000       0.080000       0.014708
       0.310000       0.080000       0.015070
       0.320000       0.080000       0.015425
       0.330000       0.080000       0.015774
       0.340000       0.080000       0.016117
       0.350000       0.080000       0.016454
       0.360000       0.080000       0.016789
       0.370000       0.080000       0.017127
       0.380000       0.080000       0.017473
       0.390000       0.080000       0.017838
       0.400000       0.080000       0.018231
       0.410000       0.080000       0.018668
       0.420000       0.080000       0.019167
       0.430000       0.080000       0.019754
       0.440000       0.080000       0.020458
       0.450000       0.080000       0.021319
       0.460000       0.080000       0.022385
       0.470000       0.080000       0.023717
       0.480000       0.080000       0.025389
       0.490000       0.080000       0.027491
       0.500000       0.080000       0.030131
       0.510000       0.080000       0.033442
       0.520000       0.080000       0.037578
       0.530000       0.080000       0.042723
       0.540000       0.080000       0.049088
       0.550000       0.080000       0.056919
       0.560000       0.080000       0.066493
       0.570000       0.080000       0.078119
       0.580000       0.080000       0.092137
       0.590000       0.080000       0.108912
       0.600000       0.080000       0.128825
       0.610000       0.080000       0.152265
       0.620000       0.080000       0.179605
       0.630000       0.080000       0.211184
       0.640000       0.080000       0.247274
       0.650000       0.080000       0.288049
       0.660000       0.080000       0.333536
       0.670000       0.080000       0.383572
       0.680000       0.080000       0.437752
       0.690000       0.080000       0.495380
       0.700000       0.080000       0.555420
       0.710000       0.080000       0.616467
       0.720000       0.080000       0.676731
       0.730000       0.080000       0.734058
       0.740000       0.080000       0.785981
       0.750000       0.080000       0.829825
       0.760000       0.080000       0.862867
       0.770000       0.080000       0.882537
       0.780000       0.080000       0.886677
       0.790000       0.080000       0.873812
       0.800000       0.080000       0.843424
       0.810000       0.080000       0.796158
       0.820000       0.080000       0.733940
       0.830000       0.080000       0.659924
       0.840000       0.080000       0.578237
       0.850000       0.080000       0.493527
       0.860000       0.080000       0.410430
       0.870000       0.080000       0.333185
       0.880000       0.080000       0.265562
       0.890000       0.080000       0.211067
       0.900000       0.080000       0.173190
       0.910000       0.080000       0.155408
       0.920000       0.080000       0.160701
       0.930000       0.080000       0.190596
       0.940000       0.080000       0.243970
       0.950000       0.080000       0.316085
       0.960000       0.080000       0.398387
       0.970000       0.080000       0.479431
       0.980000       0.080000       0.546945
       0.990000       0.080000       0.590526
       1.000000       0.080000       0.604057
 
       0.000000       0.120000       0.991397
       0.010000       0.120000       0.992604
       0.020000       0.120000       0.992943
       0.030000       0.120000       0.990728
       0.040000       0.120000       0.983147
       0.050000       0.120000       0.966688
       0.060000       0.120000       0.938006
       0.070000       0.120000       0.894903
       0.080000       0.120000       0.837010
       0.090000       0.120000       0.765968
       0.100000       0.120000       0.685098
       0.110000       0.120000       0.598738
       0.120000       0.120000       0.511469
       0.130000       0.120000       0.427446
       0.140000       0.120000       0.349939
       0.150000       0.120000       0.281130
       0.160000       0.120000       0.222118
       0.170000       0.120000       0.173075
       0.180000       0.120000       0.133478
       0.190000       0.120000       0.102357
       0.200000       0.120000       0.078509
       0.210000       0.120000       0.060675
       0.220000       0.120000       0.047656
       0.230000       0.120000       0.038384
       0.240000       0.120000       0.031954
       0.250000       0.120000       0.027630
       0.260000       0.120000       0.024835
       0.270000       0.120000       0.023126
       0.280000       0.120000       0.022173
       0.290000       0.120000       0.021738
       0.300000       0.120000       0.021647
       0.310000       0.120000       0.021782
       0.320000       0.120000       0.022059
       0.330000       0.120000       0.022423
       0.340000       0.120000       0.022836
       0.350000       0.120000       0.023274
       0.360000       0.120000       0.023722
       0.370000       0.120000       0.024172
       0.380000       0.120000       0.024619
       0.390000       0.120000       0.025062
       0.400000       0.120000       0.025503
       0.410000       0.120000       0.025947
       0.420000       0.120000       0.026401
       0.430000       0.120000       0.026874
       0.440000       0.120000       0.027380
       0.450000       0.120000       0.027936
       0.460000       0.120000       0.028565
       0.470000       0.120000       0.029294
       0.480000       0.120000       0.030160
       0.490000       0.120000       0.031207
       0.500000       0.120000       0.032488
       0.510000       0.120000       0.034073
       0.520000       0.120000       0.036042
       0.530000       0.120000       0.038496
       0.540000       0.120000       0.041552
       0.550000       0.120000       0.045350
       0.560000       0.120000       0.050056
       0.570000       0.120000       0.055861
       0.580000       0.120000       0.062984
       0.590000       0.120000       0.071675
       0.600000       0.120000       0.082209
       0.610000       0.120000       0.094892
       0.620000       0.120000       0.110049
       0.630000       0.120000       0.128021
       0.640000       0.120000       0.149152
       0.650000       0.120000       0.173778
       0.660000       0.120000       0.202202
       0.670000       0.120000       0.234671
       0.680000       0.120000       0.271349
       0.690000       0.120000       0.312274
       0.700000       0.120000       0.357326
       0.710000       0.120000       0.406183
       0.720000       0.120000       0.458277
       0.730000       0.120000       0.512764
       0.740000       0.120000       0.568494
       0.750000       0.120000       0.624003
       0.760000       0.120000       0.677532
       0.770000       0.120000       0.727064
       0.780000       0.120000       0.770414
       0.790000       0.120000       0.805343
       0.800000       0.120000       0.829718
       0.810000       0.120000       0.841697
       0.820000       0.120000       0.839930
       0.830000       0.120000       0.823747
       0.840000       0.120000       0.793306
       0.850000       0.120000       0.749661
       0.860000       0.120000       0.694737
       0.870000       0.120000       0.631195
       0.880000       0.120000       0.562229
       0.890000       0.120000       0.491355
       0.900000       0.120000       0.422240
       0.910000       0.120000       0.358589
       0.920000       0.120000       0.304060
       0.930000       0.120000       0.262134
       0.940000       0.120000       0.235859
       0.950000       0.120000       0.227430
       0.960000       0.120000       0.237668
       0.970000       0.120000       0.265502
       0.980000       0.120000       0.307687
       0.990000       0.120000       0.358913
       1.000000       0.120000       0.412410
 
       0.000000       0.160000       0.984757
       0.010000       0.160000       0.986568
       0.020000       0.160000       0.988288
       0.030000       0.160000       0.989723
       0.040000       0.160000       0.990391
       0.050000       0.160000       0.989377
       0.060000       0.160000       0.985257
       0.070000       0.160000       0.976176
       0.080000       0.160000       0.960090
       0.090000       0.160000       0.935131
       0.100000       0.160000       0.899988
       0.110000       0.160000       0.854217
       0.120000       0.160000       0.798388
       0.130000       0.160000       0.734038
       0.140000       0.160000       0.663471
       0.150000       0.160000       0.589444
       0.160000       0.160000       0.514826
       0.170000       0.160000       0.442284
       0.180000       0.160000       0.374052
       0.190000       0.160000       0.311793
       0.200000       0.160000       0.256555
       0.210000       0.160000       0.208809
       0.220000       0.160000       0.168534
       0.230000       0.160000       0.135337
       0.240000       0.160000       0.108569
       0.250000       0.160000       0.087440
       0.260000       0.160000       0.071105
       0.270000       0.160000       0.058740
       0.280000       0.160000       0.049582
       0.290000       0.160000       0.042958
       0.300000       0.160000       0.038294
       0.310000       0.160000       0.035120
       0.320000       0.160000       0.033054
       0.330000       0.160000       0.031799
       0.340000       0.160000       0.031127
       0.350000       0.160000       0.030865
       0.360000       0.160000       0.030886
       0.370000       0.160000       0.031096
       0.380000       0.160000       0.031431
       0.390000       0.160000       0.031843
       0.400000       0.160000       0.032301
       0.410000       0.160000       0.032784
       0.420000       0.160000       0.033280
       0.430000       0.160000       0.033783
       0.440000       0.160000       0.034291
       0.450000       0.160000       0.034807
       0.460000       0.160000       0.035337
       0.470000       0.160000       0.035892
       0.480000       0.160000       0.036487
       0.490000       0.160000       0.037141
       0.500000       0.160000       0.037881
       0.510000       0.160000       0.038738
       0.520000       0.160000       0.039752
       0.530000       0.160000       0.040975
       0.540000       0.160000       0.042465
       0.550000       0.160000       0.044299
       0.560000       0.160000       0.046566
       0.570000       0.160000       0.049373
       0.580000       0.160000       0.052846
       0.590000       0.160000       0.057135
       0.600000       0.160000       0.062412
       0.610000       0.160000       0.068874
       0.620000       0.160000       0.076743
       0.630000       0.160000       0.086269
       0.640000       0.160000       0.097724
       0.650000       0.160000       0.111397
       0.660000       0.160000       0.127596
       0.670000       0.160000       0.146627
       0.680000       0.160000       0.168791
       0.690000       0.160000       0.194361
       0.700000       0.160000       0.223565
       0.710000       0.160000       0.256555
       0.720000       0.160000       0.293384
       0.730000       0.160000       0.333969
       0.740000       0.160000       0.378055
       0.750000       0.160000       0.425191
       0.760000       0.160000       0.474690
       0.770000       0.160000       0.525617
       0.780000       0.160000       0.576779
       0.790000       0.160000       0.626738
       0.800000       0.160000       0.673844
       0.810000       0.160000       0.716302
       0.820000       0.160000       0.752258
       0.830000       0.160000       0.779920
       0.840000       0.160000       0.797692
       0.850000       0.160000       0.804322
       0.860000       0.160000       0.799035
       0.870000       0.160000       0.781642
       0.880000       0.160000       0.752602
       0.890000       0.160000       0.713033
       0.900000       0.160000       0.664668
       0.910000       0.160000       0.609773
       0.920000       0.160000       0.551044
       0.930000       0.160000       0.491490
       0.940000       0.160000       0.434302
       0.950000       0.160000       0.382706
       0.960000       0.160000       0.339756
       0.970000       0.160000       0.308080
       0.980000       0.160000       0.289567
       0.990000       0.160000       0.285059
       1.000000       0.160000       0.294096
 
       0.000000       0.200000       0.976286
       0.010000       0.200000       0.978557
       0.020000       0.200000       0.980797
       0.030000       0.200000       0.982984
       0.040000       0.200000       0.985060
       0.050000       0.200000       0.986878
       0.060000       0.200000       0.988137
       0.070000       0.200000       0.988314
       0.080000       0.200000       0.986614
       0.090000       0.200000       0.981966
       0.100000       0.200000       0.973092
       0.110000       0.200000       0.958639
       0.120000       0.200000       0.937364
       0.130000       0.200000       0.908330
       0.140000       0.200000       0.871075
       0.150000       0.200000       0.825721
       0.160000       0.200000       0.772996
       0.170000       0.200000       0.714183
       0.180000       0.200000       0.650979
       0.190000       0.200000       0.585334
       0.200000       0.200000       0.519256
       0.210000       0.200000       0.454640
       0.220000       0.200000       0.393134
       0.230000       0.200000       0.336041
       0.240000       0.200000       0.284281
       0.250000       0.200000       0.238388
       0.260000       0.200000       0.198545
       0.270000       0.200000       0.164644
       0.280000       0.200000       0.136351
       0.290000       0.200000       0.113175
       0.300000       0.200000       0.094538
       0.310000       0.200000       0.079823
       0.320000       0.200000       0.068420
       0.330000       0.200000       0.059754
       0.340000       0.200000       0.053308
       0.350000       0.200000       0.048629
       0.360000       0.200000       0.045330
       0.370000       0.200000       0.043093
       0.380000       0.200000       0.041658
       0.390000       0.200000       0.040819
       0.400000       0.200000       0.040415
       0.410000       0.200000       0.040323
       0.420000       0.200000       0.040449
       0.430000       0.200000       0.040724
       0.440000       0.200000       0.041099
       0.450000       0.200000       0.041539
       0.460000       0.200000       0.042020
       0.470000       0.200000       0.042529
       0.480000       0.200000       0.043058
       0.490000       0.200000       0.043606
       0.500000       0.200000       0.044180
       0.510000       0.200000       0.044789
       0.520000       0.200000       0.045448
       0.530000       0.200000       0.046180
       0.540000       0.200000       0.047014
       0.550000       0.200000       0.047984
       0.560000       0.200000       0.049137
       0.570000       0.200000       0.050526
       0.580000       0.200000       0.052221
       0.590000       0.200000       0.054302
       0.600000       0.200000       0.056865
       0.610000       0.200000       0.060026
       0.620000       0.200000       0.063918
       0.630000       0.200000       0.068696
       0.640000       0.200000       0.074537
       0.650000       0.200000       0.081643
       0.660000       0.200000       0.090235
       0.670000       0.200000       0.100558
       0.680000       0.200000       0.112871
       0.690000       0.200000       0.127449
       0.700000       0.200000       0.144567
       0.710000       0.200000       0.164495
       0.720000       0.200000       0.187482
       0.730000       0.200000       0.213736
       0.740000       0.200000       0.243404
       0.750000       0.200000       0.276548
       0.760000       0.200000       0.313117
       0.770000       0.200000       0.352919
       0.780000       0.200000       0.395594
       0.790000       0.200000       0.440594
       0.800000       0.200000       0.487159
       0.810000       0.200000       0.534319
       0.820000       0.200000       0.580900
       0.830000       0.200000       0.625550
       0.840000       0.200000       0.666785
       0.850000       0.200000       0.703062
       0.860000       0.200000       0.732858
       0.870000       0.200000       0.754779
       0.880000       0.200000       0.767660
       0.890000       0.200000       0.770673
       0.900000       0.200000       0.763409
       0.910000       0.200000       0.745944
       0.920000       0.200000       0.718868
       0.930000       0.200000       0.683291
       0.940000       0.200000       0.640805
       0.950000       0.200000       0.593431
       0.960000       0.200000       0.543536
       0.970000       0.200000       0.493711
       0.980000       0.200000       0.446632
       0.990000       0.200000       0.404877
       1.000000       0.200000       0.370712
 
